 -1.3997921e-002
 -6.9497750e-002
 -1.0235714e-001
 -1.1076059e-001
 -9.8651028e-002
 -8.8934887e-002
 -8.6846985e-002
 -8.6965601e-002
 -9.3958183e-002
 -1.0364780e-001
 -1.1836606e-001
 -1.3327277e-001
 -1.3964751e-001
 -1.3278284e-001
 -1.2383857e-001
 -1.1672713e-001
 -1.0867546e-001
 -9.7090447e-002
 -8.3791441e-002
 -7.7541111e-002
 -8.3819997e-002
 -1.0185049e-001
 -1.2691768e-001
 -1.5177438e-001
 -1.7159950e-001
 -1.8736684e-001
 -1.9163061e-001
 -1.7589102e-001
 -1.5839681e-001
 -1.5116630e-001
 -1.4105116e-001
 -1.2308861e-001
 -1.0803076e-001
 -9.4448944e-002
 -8.0303418e-002
 -5.7368125e-002
 -3.9255398e-002
 -4.3938776e-002
 -6.4722978e-002
 -9.4843612e-002
 -1.2739874e-001
 -1.6140724e-001
 -1.8698443e-001
 -2.0405616e-001
 -1.9165040e-001
 -1.3254628e-001
 -6.3774811e-002
 -2.1425773e-002
  2.7194416e-002
  1.1004250e-001
  1.3763554e-001
  6.2009851e-002
 -4.8664873e-002
 -1.0966645e-001
 -1.2569916e-001
 -1.2971511e-001
 -1.4099522e-001
 -1.6641521e-001
 -1.9780246e-001
 -2.2637630e-001
 -2.5367953e-001
 -2.8884235e-001
 -3.1886746e-001
 -3.3014052e-001
 -2.9935811e-001
 -2.2629060e-001
 -1.6798554e-001
 -1.7220028e-001
 -1.9125297e-001
 -1.7957010e-001
 -1.6129158e-001
 -1.6429297e-001
 -1.6262001e-001
 -1.2143624e-001
 -6.6802178e-002
 -2.1237737e-002
  2.6373829e-002
  8.3711847e-002
  1.4783474e-001
  1.9961401e-001
  2.3213720e-001
  2.4091164e-001
  2.4628527e-001
  2.7511830e-001
  3.2880784e-001
  3.9632846e-001
  4.5287887e-001
  4.8563266e-001
  4.8191584e-001
  4.5177544e-001
  4.1081284e-001
  3.8140654e-001
  3.5049734e-001
  3.1248322e-001
  2.6479548e-001
  2.3030911e-001
  2.2885011e-001
  2.7451533e-001
  3.3128982e-001
  3.6882711e-001
  4.0351912e-001
  4.5755100e-001
  5.2092125e-001
  5.7017657e-001
  6.2446037e-001
  6.8715809e-001
  7.1660702e-001
  6.8465330e-001
  6.3847075e-001
  6.2897180e-001
  5.8695271e-001
  4.8031253e-001
  3.9142623e-001
  3.9168115e-001
  3.9181600e-001
  2.8339002e-001
  6.1083890e-002
 -2.2241693e-001
 -5.0438291e-001
 -7.0563603e-001
 -7.7067087e-001
 -7.0191742e-001
 -5.8979463e-001
 -5.2744683e-001
 -4.7573925e-001
 -3.7087676e-001
 -2.4565601e-001
 -1.4642271e-001
 -5.7813660e-002
  3.7571355e-002
  1.3204154e-001
  2.1506836e-001
  3.0135928e-001
  3.9216911e-001
  4.9086269e-001
  5.8241797e-001
  6.9634650e-001
  8.3960393e-001
  9.7609017e-001
  1.0764821e+000
  1.1936412e+000
  1.3631541e+000
  1.4985843e+000
  1.5100531e+000
  1.4215716e+000
  1.2799490e+000
  1.1325876e+000
  1.0040207e+000
  9.1643221e-001
  8.7352938e-001
  8.7558327e-001
  9.0303958e-001
  9.0661808e-001
  8.6206816e-001
  8.2484168e-001
  8.4384212e-001
  8.8191545e-001
  8.9748447e-001
  9.7302541e-001
  1.1274614e+000
  1.1844111e+000
  9.4866112e-001
  3.2134540e-001
 -5.9588544e-001
 -1.4436001e+000
 -1.9114698e+000
 -2.0245949e+000
 -1.9861612e+000
 -1.9488217e+000
 -1.9754531e+000
 -1.9924648e+000
 -1.9074091e+000
 -1.7807163e+000
 -1.7074047e+000
 -1.6907258e+000
 -1.7019104e+000
 -1.7174304e+000
 -1.7119611e+000
 -1.7184432e+000
 -1.7545533e+000
 -1.7677558e+000
 -1.7118276e+000
 -1.5974944e+000
 -1.4589727e+000
 -1.3190654e+000
 -1.1934270e+000
 -1.0655856e+000
 -9.2221672e-001
 -7.6711987e-001
 -6.0206434e-001
 -4.1942894e-001
 -2.1688586e-001
 -1.6160568e-002
  1.6636487e-001
  3.5296427e-001
  5.6043516e-001
  7.7126156e-001
  9.5281472e-001
  1.1402724e+000
  1.3567914e+000
  1.5658911e+000
  1.7405155e+000
  1.9202596e+000
  2.1451683e+000
  2.3643680e+000
  2.5292899e+000
  2.6740540e+000
  2.8372740e+000
  2.9739651e+000
  3.0420360e+000
  3.1351572e+000
  3.3208545e+000
  3.3492821e+000
  3.0240103e+000
  2.7656586e+000
  2.7881818e+000
  2.2773297e+000
  6.6955295e-001
 -1.1748934e+000
 -2.2072482e+000
 -2.3254114e+000
 -1.9350807e+000
 -1.6067002e+000
 -1.6983144e+000
 -1.8271509e+000
 -1.5250011e+000
 -1.0721075e+000
 -8.6919039e-001
 -7.3837874e-001
 -4.6304961e-001
 -1.7073546e-001
 -8.4152992e-003
  1.1010254e-001
  2.9874676e-001
  5.2184862e-001
  7.3253167e-001
  8.7877534e-001
  9.6848124e-001
  1.1609318e+000
  1.4801162e+000
  1.7217088e+000
  1.5795549e+000
  5.6313126e-001
 -1.2778452e+000
 -2.5780527e+000
 -2.3090557e+000
 -1.5165886e+000
 -1.4624950e+000
 -1.6945165e+000
 -1.4306801e+000
 -9.9226576e-001
 -7.9804847e-001
 -5.6727406e-001
 -9.1224025e-002
  2.3323160e-001
  1.9207729e-002
 -6.5548038e-001
 -1.4584919e+000
 -1.9397487e+000
 -1.8702145e+000
 -1.6082674e+000
 -1.5707613e+000
 -1.6502596e+000
 -1.5970367e+000
 -1.4503226e+000
 -1.3203177e+000
 -1.2074219e+000
 -1.0933711e+000
 -9.8241446e-001
 -8.5821602e-001
 -7.3651668e-001
 -6.2433032e-001
 -5.1306366e-001
 -3.8659126e-001
 -2.6467880e-001
 -1.6452267e-001
 -4.2408621e-002
  1.1158704e-001
  1.8547915e-001
  8.8604439e-002
 -9.3748864e-002
 -2.5625375e-001
 -4.2400776e-001
 -6.2795539e-001
 -8.2078812e-001
 -9.3421964e-001
 -9.3182809e-001
 -8.2468383e-001
 -7.0179831e-001
 -6.4050022e-001
 -5.8652499e-001
 -4.6954224e-001
 -3.2555196e-001
 -2.1772878e-001
 -1.0657473e-001
  4.2332574e-002
  1.8249295e-001
  2.7300484e-001
  4.1094867e-001
  6.2539881e-001
  6.5974463e-001
  3.4151207e-001
 -9.5728595e-002
 -3.5562174e-001
 -3.6450038e-001
 -2.0301245e-001
 -3.8939200e-002
 -6.1871512e-003
  9.0701190e-003
  1.5158681e-001
  3.3658930e-001
  4.5344602e-001
  5.5429822e-001
  7.1155932e-001
  8.6544384e-001
  9.5358377e-001
  1.1054175e+000
  1.3616619e+000
  1.3353875e+000
  8.0673263e-001
  2.1538367e-001
  4.5149661e-002
  2.3674508e-001
  5.1227798e-001
  6.7089140e-001
  6.3828814e-001
  6.7491925e-001
  1.0084215e+000
  1.2918856e+000
  1.2137898e+000
  1.3257237e+000
  1.9511402e+000
  1.9981433e+000
  6.7856629e-001
 -9.1179952e-001
 -1.5053508e+000
 -1.2827258e+000
 -9.2127894e-001
 -6.7802027e-001
 -5.8442541e-001
 -5.3483665e-001
 -3.5647732e-001
  7.0793537e-002
  6.0360307e-001
  6.6101652e-001
 -8.6455637e-002
 -1.0459923e+000
 -1.5065163e+000
 -1.4560638e+000
 -1.2179671e+000
 -1.0494888e+000
 -1.0851958e+000
 -1.1382217e+000
 -9.7934451e-001
 -7.4525653e-001
 -6.2839400e-001
 -5.4703694e-001
 -4.0092584e-001
 -2.0995670e-001
 -6.3596596e-002
 -1.2272408e-001
 -4.3148625e-001
 -6.6177723e-001
 -5.3997398e-001
 -3.1633459e-001
 -2.8992247e-001
 -3.3163951e-001
 -2.4186316e-001
 -1.0580540e-001
 -4.2144556e-002
  1.5948394e-002
  1.4718454e-001
  2.9273157e-001
  3.8870089e-001
  4.7957349e-001
  5.8350177e-001
  5.9572987e-001
  4.3269090e-001
  2.1659176e-001
  8.1342383e-002
 -3.2480513e-002
 -1.8343145e-001
 -2.3762174e-001
 -1.0337974e-001
  7.2872849e-002
  1.4720499e-001
  2.0812067e-001
  3.6608742e-001
  5.5600539e-001
  6.8597775e-001
  8.1010883e-001
  1.0006838e+000
  1.1818072e+000
  1.2830093e+000
  1.4486888e+000
  1.7217750e+000
  1.7025467e+000
  1.1277263e+000
  4.1200608e-001
  5.0670172e-002
  2.8424065e-002
  1.2733528e-001
  2.5402956e-001
  3.3040248e-001
  2.8574693e-001
  1.2818703e-001
 -5.3039491e-002
 -1.6734536e-001
 -1.4513496e-001
  1.1049336e-003
  1.4064847e-001
  1.7361076e-001
  2.0351781e-001
  3.3578299e-001
  4.8833976e-001
  5.6154294e-001
  6.3253218e-001
  7.8286698e-001
  9.3742461e-001
  1.0210636e+000
  1.1041965e+000
  1.2612426e+000
  1.4181392e+000
  1.4998596e+000
  1.5956418e+000
  1.7772043e+000
  1.9088932e+000
  1.8743846e+000
  1.8181189e+000
  1.8852965e+000
  1.9439584e+000
  1.8288411e+000
  1.7342255e+000
  1.7375099e+000
  1.2240985e+000
 -9.5277448e-002
 -1.1820755e+000
 -1.1164072e+000
 -5.3098137e-001
 -3.3600825e-001
 -3.7418143e-001
 -2.8477691e-001
 -3.0616855e-001
 -6.6215446e-001
 -1.0957888e+000
 -1.3507977e+000
 -1.6262055e+000
 -2.0976857e+000
 -2.4158836e+000
 -2.2799207e+000
 -1.9851631e+000
 -1.8728563e+000
 -1.7995471e+000
 -1.5640547e+000
 -1.2895837e+000
 -1.1194300e+000
 -9.4075927e-001
 -6.4179918e-001
 -3.1804016e-001
 -8.2312542e-002
  1.5144264e-001
  4.8386174e-001
  7.9941450e-001
  9.9469371e-001
  1.2927706e+000
  1.7697315e+000
  1.7824263e+000
  9.2813480e-001
 -5.6931755e-002
 -3.7359272e-001
 -1.6413195e-001
  1.0303307e-001
  2.8053827e-001
  3.5190784e-001
  4.3858343e-001
  6.6583378e-001
  9.6534989e-001
  1.2144286e+000
  1.3971818e+000
  1.5693332e+000
  1.8158572e+000
  2.1294338e+000
  2.4065129e+000
  2.4265726e+000
  1.6507191e+000
  4.0331249e-003
 -1.3505759e+000
 -1.4531353e+000
 -9.7723998e-001
 -8.8962423e-001
 -1.0658751e+000
 -1.0864396e+000
 -8.8870491e-001
 -5.9439056e-001
 -4.5959111e-001
 -6.9221355e-001
 -1.2254629e+000
 -1.8012119e+000
 -2.0666753e+000
 -1.8721893e+000
 -1.5838000e+000
 -1.5826126e+000
 -1.6582496e+000
 -1.5107391e+000
 -1.2803299e+000
 -1.1667895e+000
 -1.0891831e+000
 -9.4062418e-001
 -7.5595660e-001
 -6.1371346e-001
 -4.9941381e-001
 -4.2778438e-001
 -5.3282165e-001
 -8.6273623e-001
 -1.1767286e+000
 -1.2561754e+000
 -1.1856400e+000
 -1.1297581e+000
 -1.1350131e+000
 -1.1706600e+000
 -1.1224979e+000
 -9.0647948e-001
 -7.0398288e-001
 -6.6165653e-001
 -5.3504078e-001
 -1.6948966e-001
  6.2798862e-002
 -1.8448223e-001
 -7.8821625e-001
 -1.3960969e+000
 -1.6014551e+000
 -1.2512593e+000
 -8.4215568e-001
 -8.4330188e-001
 -9.4204397e-001
 -7.2151170e-001
 -3.8884219e-001
 -2.3904897e-001
 -1.4415780e-001
  6.6997423e-002
  3.1277661e-001
  4.8260048e-001
  6.3647996e-001
  8.0579502e-001
  8.5864751e-001
  6.9906096e-001
  4.6200771e-001
  3.1210733e-001
  1.9433979e-001
  3.7507783e-002
 -2.6306832e-002
  1.0513952e-001
  2.8668218e-001
  3.7034547e-001
  4.3622738e-001
  5.8830933e-001
  7.6776996e-001
  8.9673397e-001
  1.0121549e+000
  1.1709455e+000
  1.3242898e+000
  1.4359707e+000
  1.5731145e+000
  1.7601042e+000
  1.8245953e+000
  1.6137805e+000
  1.2560102e+000
  9.2121500e-001
  6.2502635e-001
  3.5345197e-001
  2.0202795e-001
  2.2256280e-001
  3.0919751e-001
  3.3942114e-001
  3.6633477e-001
  4.4575389e-001
  4.8568560e-001
  4.0104981e-001
  2.3112735e-001
  5.3569266e-002
 -8.2711777e-002
 -1.5770651e-001
 -1.6451241e-001
 -1.2565128e-001
 -1.1093839e-001
 -1.5636369e-001
 -2.2359777e-001
 -2.5681604e-001
 -2.4472681e-001
 -1.9936145e-001
 -1.5404422e-001
 -1.1841306e-001
 -6.9017682e-002
  2.6750898e-002
  1.4333710e-001
  2.4899665e-001
  3.7168564e-001
  5.1539688e-001
  5.6784961e-001
  4.4086488e-001
  2.5018640e-001
  1.1462802e-001
 -4.1161517e-002
 -2.7415072e-001
 -4.1926713e-001
 -3.2688519e-001
 -1.2986841e-001
 -9.1683797e-004
  9.2456316e-002
  2.1066624e-001
  2.2476575e-001
  5.2355247e-002
 -1.2731103e-001
 -1.3845300e-001
 -4.9517433e-002
  2.5926543e-002
  8.0465885e-002
  1.3890716e-001
  2.0588514e-001
  2.7599323e-001
  3.7243010e-001
  4.8373404e-001
  4.9831514e-001
  3.5259204e-001
  1.5389766e-001
  3.1710938e-002
 -3.0795614e-002
 -8.7669388e-002
 -1.0848466e-001
 -6.5257416e-002
  3.7986088e-003
  5.2717571e-002
  7.2182355e-002
  7.3643989e-002
  3.3878771e-002
 -3.9726915e-002
 -9.2319775e-002
 -7.8529743e-002
 -3.5994211e-002
 -1.8078153e-002
 -1.5710018e-002
  7.0900585e-004
  3.6483680e-002
  7.2146682e-002
  8.5337757e-002
  3.9542006e-002
 -5.3020130e-002
 -1.7317207e-001
 -2.9895339e-001
 -3.9506500e-001
 -4.1275012e-001
 -3.3064215e-001
 -2.4055651e-001
 -2.1899737e-001
 -2.2990120e-001
 -2.1204850e-001
 -1.7438404e-001
 -1.4538169e-001
 -1.2599844e-001
 -1.0169963e-001
 -1.6811439e-002
  1.3512112e-001
  1.9872886e-001
  6.8616195e-002
 -1.0691820e-001
 -1.4562847e-001
 -8.8994130e-002
 -4.0858452e-002
 -3.1013015e-002
 -6.4782190e-002
 -1.0271362e-001
 -1.1448128e-001
 -1.0801125e-001
 -1.1037461e-001
 -9.6406796e-002
 -5.1557098e-002
 -7.6947685e-004
  2.8482204e-002
  7.2647667e-002
  1.5129327e-001
  2.3191997e-001
  2.7235243e-001
  3.4632441e-001
  5.0425995e-001
  6.9107126e-001
  8.1085892e-001
  7.6247327e-001
  5.2035282e-001
  1.7947910e-001
 -1.1685637e-001
 -2.5744680e-001
 -2.1912776e-001
 -1.2012596e-001
 -7.9376427e-002
 -3.9827984e-002
  6.4839032e-002
  1.5459000e-001
  1.4145120e-001
  4.5998210e-002
 -7.5007308e-002
 -2.1600023e-001
 -3.5746444e-001
 -4.5715092e-001
 -4.7594154e-001
 -4.2095456e-001
 -3.1938411e-001
 -2.1012480e-001
 -1.2414221e-001
 -4.2143157e-002
  5.6233820e-002
  1.5544628e-001
  2.3529416e-001
  3.1503524e-001
  3.9774297e-001
  4.1194401e-001
  3.0256594e-001
  1.2139866e-001
 -4.3872015e-002
 -1.5728105e-001
 -2.1568518e-001
 -1.9989980e-001
 -1.2332962e-001
 -8.0170182e-002
 -1.3577148e-001
 -2.0203706e-001
 -1.9100361e-001
 -1.3415364e-001
 -9.2559262e-002
 -5.4665254e-002
  2.6434057e-003
  5.3048033e-002
  8.7706457e-002
  1.3146452e-001
  2.0123083e-001
  2.6054190e-001
  2.6904098e-001
  2.2789659e-001
  1.5773495e-001
  7.8507730e-002
  4.2353837e-003
 -8.3328721e-003
  6.8391360e-002
  1.9528795e-001
  3.1939399e-001
  4.2814309e-001
  5.0333014e-001
  4.8308951e-001
  3.4223602e-001
  1.8759525e-001
  1.1930743e-001
  8.8540164e-002
  3.6155174e-002
 -2.3111047e-002
 -3.9204911e-002
 -1.9610983e-002
  1.8251770e-002
  5.2771550e-002
  6.4106017e-002
  9.0661491e-002
  1.6522176e-001
  2.4867296e-001
  3.0474350e-001
  3.6095944e-001
  4.3892516e-001
  5.1559300e-001
  5.4782506e-001
  5.2846698e-001
  4.7857560e-001
  4.1505913e-001
  3.8296886e-001
  3.9120337e-001
  4.3476516e-001
  5.4767627e-001
  7.0720952e-001
  7.3951836e-001
  5.5203784e-001
  3.5667099e-001
  3.5782601e-001
  4.0223044e-001
  3.0003058e-001
  9.5946660e-002
 -8.9890056e-002
 -2.0015115e-001
 -2.2872103e-001
 -2.4476179e-001
 -3.1909600e-001
 -3.9687912e-001
 -4.0875998e-001
 -4.0557792e-001
 -4.3633878e-001
 -4.5987348e-001
 -4.3432191e-001
 -4.2421349e-001
 -4.6262276e-001
 -4.4702736e-001
 -2.8966057e-001
 -5.6528010e-002
  1.3682965e-001
  1.7396318e-001
  2.6502190e-002
 -2.0577035e-001
 -3.8172244e-001
 -4.8260930e-001
 -5.3845515e-001
 -5.2026218e-001
 -4.2719162e-001
 -3.5387786e-001
 -3.7047396e-001
 -3.9503015e-001
 -3.5665215e-001
 -3.0309128e-001
 -2.9693644e-001
 -3.0953737e-001
 -2.8913995e-001
 -2.6029481e-001
 -2.5614117e-001
 -2.5931257e-001
 -2.5419387e-001
 -2.6381880e-001
 -3.0318148e-001
 -3.3740705e-001
 -3.3367383e-001
 -3.0309150e-001
 -2.6331586e-001
 -2.1230072e-001
 -1.4843246e-001
 -7.5915717e-002
 -3.3318658e-003
  8.4904352e-002
  1.9124875e-001
  2.7449712e-001
  3.0130810e-001
  3.0302997e-001
  3.2797023e-001
  3.5148302e-001
  3.4292756e-001
  3.3253069e-001
  3.4884683e-001
  3.4998943e-001
  3.0801142e-001
  2.8064200e-001
  3.0699297e-001
  2.9855467e-001
  1.9364658e-001
  1.0974147e-001
  1.6391887e-001
  2.1018228e-001
  1.2594092e-001
  1.3257436e-001
  3.6011801e-001
  3.7702847e-001
 -1.5108332e-001
 -8.4394557e-001
 -1.2274480e+000
 -1.3226357e+000
 -1.3248334e+000
 -1.3146872e+000
 -1.3262977e+000
 -1.3283820e+000
 -1.2629338e+000
 -1.1689174e+000
 -1.0969888e+000
 -1.0202286e+000
 -9.1874768e-001
 -8.1236468e-001
 -7.2284501e-001
 -6.3947639e-001
 -5.3747666e-001
 -4.3579395e-001
 -3.4639674e-001
 -2.5431557e-001
 -1.4005283e-001
 -5.9188667e-002
 -4.6605469e-002
 -8.8942670e-002
 -1.3919437e-001
 -1.7772801e-001
 -1.9171540e-001
 -1.4314255e-001
 -3.7418795e-002
  8.4076372e-002
  1.6192084e-001
  1.6000461e-001
  9.1171902e-002
  4.7790577e-002
  1.1341455e-001
  2.5769076e-001
  4.1861145e-001
  5.7139109e-001
  7.2089234e-001
  8.4954402e-001
  9.7633916e-001
  1.1747013e+000
  1.4344605e+000
  1.6627801e+000
  1.6816790e+000
  1.0888099e+000
 -1.5355106e-001
 -1.0781953e+000
 -9.1383724e-001
 -3.5884140e-001
 -2.9803250e-001
 -4.3636214e-001
 -2.9351455e-001
 -2.2935410e-001
 -5.8704684e-001
 -9.4083659e-001
 -8.8600586e-001
 -6.4302836e-001
 -5.4824060e-001
 -5.8513707e-001
 -6.2975049e-001
 -6.5710945e-001
 -6.5472026e-001
 -5.4169709e-001
 -2.9301601e-001
 -2.8005856e-002
  1.7299484e-001
  3.6983529e-001
  6.5480973e-001
  1.0512414e+000
  1.4671905e+000
  1.6357909e+000
  1.3953023e+000
  9.2835358e-001
  5.2843211e-001
  4.0073751e-001
  5.4857452e-001
  6.5492756e-001
  4.4595268e-001
  1.3029681e-001
 -1.4034341e-002
 -9.2673501e-002
 -2.8543417e-001
 -5.0906034e-001
 -6.6896625e-001
 -8.1074676e-001
 -9.8305608e-001
 -1.1294555e+000
 -1.1835463e+000
 -1.1283130e+000
 -9.8676754e-001
 -7.8751762e-001
 -5.6915831e-001
 -3.6346954e-001
 -1.6913570e-001
  2.6912090e-002
  2.7061640e-001
  5.3425919e-001
  7.8157116e-001
  1.1543235e+000
  1.6333191e+000
  1.5786814e+000
  6.5040415e-001
 -2.6400856e-001
 -3.1745795e-001
  3.3534458e-002
  7.8289584e-002
 -5.6132782e-002
 -5.0850577e-002
  1.8581573e-002
  6.7182633e-002
  1.4474482e-001
  2.8783226e-001
  5.2597894e-001
  7.8650688e-001
  7.8355140e-001
  3.6168349e-001
 -1.9944849e-001
 -5.4893804e-001
 -5.7680272e-001
 -3.7362761e-001
 -1.6528391e-001
 -1.3330309e-001
 -1.7060300e-001
 -1.1789010e-001
 -2.8216260e-002
  1.3354331e-002
  7.2399980e-002
  2.1584141e-001
  3.7450390e-001
  4.8002824e-001
  5.5413437e-001
  6.4820350e-001
  7.3841151e-001
  7.9235719e-001
  7.8387941e-001
  7.0525299e-001
  5.7872335e-001
  4.5174975e-001
  2.9848438e-001
  1.1555406e-001
  2.2655952e-002
  6.7560502e-002
  6.2603957e-002
 -1.4199556e-001
 -3.9690694e-001
 -5.0714126e-001
 -4.4226200e-001
 -2.5935635e-001
 -7.6896297e-002
  2.6904826e-002
  1.6551465e-001
  4.1992905e-001
  5.5568104e-001
  3.8131916e-001
  9.2829562e-002
 -5.7256797e-002
 -5.2830390e-002
  1.0767017e-002
  4.4173830e-002
 -1.6732687e-002
 -1.2143886e-001
 -2.0147628e-001
 -2.7631960e-001
 -3.6921430e-001
 -4.2833811e-001
 -4.0503372e-001
 -3.4638849e-001
 -2.9133251e-001
 -2.4945897e-001
 -1.9878138e-001
 -1.0834602e-001
  3.5583863e-002
  2.0048744e-001
  3.5925549e-001
  5.0933987e-001
  6.5546487e-001
  8.3748228e-001
  1.0396200e+000
  1.1221809e+000
  9.7577590e-001
  7.1952683e-001
  4.9253344e-001
  2.3135860e-001
 -1.0562438e-001
 -3.6140114e-001
 -3.9035303e-001
 -2.6522571e-001
 -1.4786884e-001
 -2.1297446e-001
 -5.1488943e-001
 -8.5612429e-001
 -1.0124025e+000
 -9.5308631e-001
 -7.6757620e-001
 -5.7849016e-001
 -4.5135276e-001
 -3.2776889e-001
 -1.2297261e-001
  7.3843225e-002
  1.7420301e-001
  2.5285782e-001
  3.9171289e-001
  4.9632799e-001
  4.7480979e-001
  3.5240669e-001
  2.0334249e-001
  7.9160783e-002
  1.9415919e-003
 -5.2958893e-002
 -1.2196243e-001
 -2.0349595e-001
 -2.8279164e-001
 -3.1224897e-001
 -2.6903647e-001
 -2.3366211e-001
 -2.7779311e-001
 -3.6909342e-001
 -4.5819252e-001
 -5.3887124e-001
 -6.2065470e-001
 -7.0874168e-001
 -7.8749097e-001
 -7.8717060e-001
 -6.6367580e-001
 -5.1203625e-001
 -4.2487193e-001
 -3.3416839e-001
 -1.7201500e-001
 -1.0134332e-002
  7.1263063e-002
  6.3818506e-002
  5.3664697e-003
 -3.5326210e-002
 -2.4896309e-002
 -5.5905882e-003
 -4.1705843e-002
 -1.6440209e-001
 -3.3456294e-001
 -4.0234670e-001
 -2.7082076e-001
 -7.7693656e-002
  1.8280304e-002
  7.8122628e-002
  2.0621420e-001
  3.6562722e-001
  4.9649376e-001
  6.0255077e-001
  6.8373901e-001
  6.5201993e-001
  4.6995063e-001
  2.4955263e-001
  9.9031289e-002
 -5.6962843e-002
 -2.9150178e-001
 -4.6445058e-001
 -4.5229554e-001
 -3.4857262e-001
 -2.8609447e-001
 -2.3845616e-001
 -1.4598757e-001
 -4.7267123e-002
  2.8401124e-002
  1.2179406e-001
  2.6239951e-001
  3.7253298e-001
  3.7124507e-001
  2.3620447e-001
 -1.6435569e-003
 -2.2307643e-001
 -3.3766970e-001
 -4.2040035e-001
 -5.5002945e-001
 -6.6773364e-001
 -6.8519937e-001
 -6.4627573e-001
 -6.1110284e-001
 -5.7546397e-001
 -5.4381788e-001
 -5.0220602e-001
 -4.5245664e-001
 -3.9904627e-001
 -3.5572618e-001
 -3.0158312e-001
 -2.4403660e-001
 -2.6182229e-001
 -3.9077514e-001
 -5.2976793e-001
 -5.8118157e-001
 -6.1795350e-001
 -7.2428943e-001
 -8.8887593e-001
 -1.0370224e+000
 -1.0847879e+000
 -9.9299135e-001
 -8.6442692e-001
 -7.9806965e-001
 -7.5556079e-001
 -6.6564377e-001
 -5.7172788e-001
 -5.0855884e-001
 -4.6190251e-001
 -3.9639900e-001
 -3.2645418e-001
 -2.6746185e-001
 -1.9672166e-001
 -9.1766515e-002
  1.7143614e-002
  1.1661521e-001
  2.0542103e-001
  3.1350194e-001
  4.2408123e-001
  5.1841294e-001
  6.0155370e-001
  6.7729065e-001
  7.5275531e-001
  8.3340428e-001
  9.1444228e-001
  9.8922687e-001
  1.0456978e+000
  1.0811441e+000
  1.1069381e+000
  1.1336648e+000
  1.1626961e+000
  1.1940795e+000
  1.2236662e+000
  1.2458519e+000
  1.3062166e+000
  1.4328049e+000
  1.5615880e+000
  1.6390885e+000
  1.7594856e+000
  1.9583593e+000
  1.9959446e+000
  1.6964051e+000
  1.2111218e+000
  7.7452674e-001
  4.3169542e-001
  1.5061982e-001
 -1.3584129e-001
 -4.5347403e-001
 -6.5255618e-001
 -6.3272737e-001
 -5.4363705e-001
 -5.6289381e-001
 -6.8129865e-001
 -8.1345656e-001
 -9.6478658e-001
 -1.1215307e+000
 -1.2212733e+000
 -1.2190974e+000
 -1.1560871e+000
 -1.0876091e+000
 -1.0306937e+000
 -9.7619443e-001
 -8.9936010e-001
 -7.9806067e-001
 -7.2849525e-001
 -7.4072929e-001
 -7.9286211e-001
 -8.2314532e-001
 -8.3495596e-001
 -8.3904765e-001
 -8.4134822e-001
 -8.4296136e-001
 -8.4709252e-001
 -8.5390757e-001
 -8.5388001e-001
 -8.4613204e-001
 -8.5040847e-001
 -8.7726341e-001
 -8.6677119e-001
 -7.5577317e-001
 -5.2754084e-001
 -2.1968008e-001
  5.1053882e-002
  1.9195102e-001
  2.1079008e-001
  1.8276027e-001
  2.3973360e-001
  4.3232235e-001
  5.6892274e-001
  4.9132776e-001
  3.0792271e-001
  2.0523812e-001
  2.3116007e-001
  3.4334848e-001
  4.7702734e-001
  5.5631187e-001
  5.7525205e-001
  5.6211096e-001
  5.1389029e-001
  4.3689666e-001
  3.4798079e-001
  2.6516337e-001
  1.9327122e-001
  1.4614100e-001
  1.9349256e-001
  3.5577597e-001
  4.8120134e-001
  4.5222968e-001
  3.3667261e-001
  2.6278729e-001
  2.8261901e-001
  3.6963152e-001
  4.2238095e-001
  3.6222402e-001
  2.3401451e-001
  1.2790173e-001
  8.5837512e-002
  9.8071560e-002
  7.6528740e-002
 -3.8418867e-002
 -1.4552325e-001
 -1.3720785e-001
 -7.6079727e-002
 -4.3125422e-002
 -2.0428016e-002
  2.7825492e-002
  7.3917849e-002
  8.1688695e-002
  4.1464900e-002
 -3.5159251e-002
 -1.4064497e-001
 -2.4702152e-001
 -3.1084820e-001
 -3.0424545e-001
 -2.3681070e-001
 -1.3299181e-001
 -2.5452010e-002
  6.7997397e-002
  1.7941228e-001
  3.1410923e-001
  4.1808091e-001
  4.3500444e-001
  4.2885582e-001
  4.6688478e-001
  5.0206332e-001
  4.7792779e-001
  4.5696806e-001
  4.8614713e-001
  4.7004255e-001
  3.2890886e-001
  1.8861627e-001
  1.6994912e-001
  2.1664969e-001
  2.4707299e-001
  2.6854534e-001
  3.1969348e-001
  3.8409866e-001
  4.4322011e-001
  4.9342263e-001
  5.4353267e-001
  5.6489789e-001
  5.4931577e-001
  5.7752101e-001
  6.9935680e-001
  8.0533959e-001
  7.8553183e-001
  7.8111567e-001
  9.0239548e-001
  9.2966702e-001
  6.7897356e-001
  3.3681184e-001
  1.3161352e-001
  4.3377326e-002
 -2.8934503e-002
 -1.2312582e-001
 -2.3513278e-001
 -3.4186915e-001
 -3.9405621e-001
 -4.1681717e-001
 -4.3233107e-001
 -4.0604544e-001
 -3.2864786e-001
 -2.6891674e-001
 -2.7438017e-001
 -2.6559705e-001
 -1.5790218e-001
  7.0253741e-002
  3.4918491e-001
  4.2006542e-001
  1.4848224e-001
 -2.2638113e-001
 -4.1023110e-001
 -3.7777511e-001
 -2.3490716e-001
 -8.3150373e-002
  2.0138710e-002
  1.3584399e-001
  3.2263863e-001
  4.3627613e-001
  3.2987993e-001
  2.7973821e-002
 -3.5543506e-001
 -6.8360664e-001
 -8.5109736e-001
 -7.7908263e-001
 -5.0665746e-001
 -2.4522462e-001
 -1.6110274e-001
 -1.3289286e-001
 -1.5939296e-002
  7.7505248e-002
  1.6874483e-002
 -1.1166789e-001
 -1.9565388e-001
 -2.4786351e-001
 -3.0273926e-001
 -3.2525985e-001
 -2.9342169e-001
 -2.6286078e-001
 -2.7659926e-001
 -2.9622009e-001
 -2.6485362e-001
 -1.9571799e-001
 -1.1915526e-001
 -6.4572909e-002
 -4.9672174e-002
 -3.7017966e-002
  9.2565054e-003
  1.0411819e-001
  2.2587083e-001
  2.9096486e-001
  2.6619245e-001
  3.3845609e-001
  6.2104824e-001
  9.3769853e-001
  1.0382998e+000
  8.8164259e-001
  5.3804992e-001
  1.7642530e-001
 -8.6720266e-002
 -3.5408234e-001
 -7.1986624e-001
 -9.7340729e-001
 -9.3974275e-001
 -7.9206354e-001
 -7.3781590e-001
 -7.2931088e-001
 -6.4864377e-001
 -5.2740352e-001
 -4.2124660e-001
 -3.2358853e-001
 -2.2362726e-001
 -1.2670102e-001
 -2.8573486e-002
  3.0390521e-002
  4.7330881e-002
  1.4562841e-001
  3.7112209e-001
  4.9984607e-001
  3.3048706e-001
 -2.2432112e-002
 -3.4284888e-001
 -4.8150433e-001
 -4.0432845e-001
 -3.4899621e-001
 -5.0647860e-001
 -6.7821260e-001
 -6.4011824e-001
 -5.0584082e-001
 -4.4011921e-001
 -3.6266477e-001
 -1.8428502e-001
  8.7012284e-002
  3.8838368e-001
  6.2003435e-001
  7.2252994e-001
  8.2511918e-001
  1.0293610e+000
  1.2507566e+000
  1.3582541e+000
  1.3587452e+000
  1.2969710e+000
  1.1694662e+000
  9.7827302e-001
  7.3770552e-001
  4.6431941e-001
  2.2216388e-001
  4.7874408e-002
 -8.7035592e-002
 -2.0624379e-001
 -2.2403721e-001
 -8.0655483e-002
  7.3353533e-002
  1.1765247e-001
  1.7731909e-001
  3.6122848e-001
  5.3235257e-001
  5.3409911e-001
  3.9149807e-001
  1.9944511e-001
  4.4874625e-002
 -3.1875345e-002
 -7.7905140e-002
 -1.5006425e-001
 -1.8153414e-001
 -1.1442343e-001
 -2.0486013e-002
  2.4199208e-002
  4.3540905e-003
 -5.1083669e-002
 -1.1491600e-001
 -1.6845160e-001
 -2.0483616e-001
 -2.4246958e-001
 -2.9533833e-001
 -3.7988838e-001
 -4.9984370e-001
 -6.3479860e-001
 -7.1060807e-001
 -6.9026173e-001
 -5.6845556e-001
 -3.9356937e-001
 -2.6086765e-001
 -2.1362473e-001
 -1.7278466e-001
 -7.4114756e-002
  4.0817333e-002
  8.9034792e-002
  9.5709765e-002
  1.1541628e-001
  1.3411345e-001
  1.4771852e-001
  2.1758907e-001
  3.4593306e-001
  4.2896339e-001
  3.4650973e-001
  8.8850338e-002
 -2.5768526e-001
 -5.3617702e-001
 -6.2775288e-001
 -5.4398448e-001
 -3.8141390e-001
 -2.3970118e-001
 -1.5796519e-001
 -7.9484113e-002
  6.6170925e-002
  2.4349723e-001
  3.7471021e-001
  4.0230988e-001
  3.1198071e-001
  1.7727715e-001
  7.7894022e-002
 -2.6547690e-002
 -1.6299363e-001
 -2.3896613e-001
 -1.6753479e-001
 -1.3871179e-002
  1.3079116e-001
  2.4193555e-001
  3.4028166e-001
  4.7331142e-001
  6.4719435e-001
  7.6674130e-001
  7.3861923e-001
  6.0832261e-001
  4.7411444e-001
  3.2276078e-001
  1.4941769e-001
 -1.3556105e-002
 -1.2606739e-001
 -1.9155961e-001
 -2.2899790e-001
 -2.4231030e-001
 -2.3447191e-001
 -2.0836921e-001
 -1.6113376e-001
 -1.0846012e-001
 -4.5165480e-002
  5.0131348e-002
  1.8254377e-001
  2.3649091e-001
  1.2800415e-001
 -3.3357408e-002
 -1.2734753e-001
 -2.1058671e-001
 -3.5368951e-001
 -4.6116753e-001
 -4.4517737e-001
 -3.5570151e-001
 -2.6635163e-001
 -1.9038476e-001
 -1.2049589e-001
 -1.8201036e-002
  1.1778456e-001
  1.6525853e-001
  5.6532728e-002
 -7.8993540e-002
 -8.9819229e-002
  5.5776914e-003
  1.2663590e-001
  2.2568638e-001
  2.8783621e-001
  3.6614234e-001
  4.9341557e-001
  5.8964595e-001
  5.7368695e-001
  5.0513681e-001
  4.6338516e-001
  4.2270942e-001
  3.6145379e-001
  3.3810167e-001
  3.9677914e-001
  4.9656735e-001
  5.6989315e-001
  6.4081980e-001
  7.1056143e-001
  6.6909314e-001
  4.4542802e-001
  1.6843055e-001
 -2.3396044e-002
 -1.6588156e-001
 -3.3903725e-001
 -5.1642323e-001
 -6.4043881e-001
 -6.5217474e-001
 -5.3373231e-001
 -3.7673674e-001
 -2.8101461e-001
 -2.1559750e-001
 -1.3885972e-001
 -3.3640142e-002
  8.0319726e-002
  1.1626989e-001
  2.3532802e-002
 -1.2466098e-001
 -2.4169017e-001
 -3.4318353e-001
 -4.5517597e-001
 -5.0400848e-001
 -4.3583926e-001
 -3.2631652e-001
 -2.6598099e-001
 -2.1516001e-001
 -1.2477075e-001
 -1.0499426e-002
  8.7696614e-002
  1.3925016e-001
  1.2749450e-001
  6.9033822e-002
 -7.5493660e-003
 -6.1019048e-002
 -8.0021443e-002
 -1.1857952e-001
 -2.0976025e-001
 -3.1545081e-001
 -3.7093402e-001
 -3.4030933e-001
 -2.2093915e-001
 -9.0997803e-002
 -3.4380109e-003
  7.1066746e-002
  1.8445970e-001
  3.0161860e-001
  3.9169142e-001
  4.6376012e-001
  5.3481855e-001
  5.9215772e-001
  6.0814965e-001
  5.6438739e-001
  4.5737418e-001
  3.2141867e-001
  1.8094733e-001
 -7.2141499e-002
 -4.6514390e-001
 -7.6200217e-001
 -7.5692084e-001
 -5.9443112e-001
 -4.9375841e-001
 -4.2913404e-001
 -3.2229335e-001
 -2.0613217e-001
 -1.0244451e-001
  2.9432850e-002
  2.0660511e-001
  3.4117093e-001
  3.6879845e-001
  2.8757133e-001
  1.6482362e-001
  1.1811659e-001
  2.1014412e-001
  3.3124356e-001
  3.5358960e-001
  3.1028197e-001
  2.7468226e-001
  2.4556147e-001
  2.2265958e-001
  2.0238212e-001
  1.9302283e-001
  1.9166805e-001
  1.9466821e-001
  1.6847063e-001
  1.0313887e-001
  2.0304914e-002
 -5.4215825e-002
 -1.4094674e-001
 -2.4688064e-001
 -3.3613537e-001
 -3.7022678e-001
 -3.3345720e-001
 -2.3584640e-001
 -1.4241753e-001
 -9.3753986e-002
 -2.7788458e-002
  9.8469851e-002
  1.6466600e-001
  7.0984513e-002
 -9.4052458e-002
 -2.0934247e-001
 -2.5008829e-001
 -2.5098940e-001
 -2.7236674e-001
 -3.3962894e-001
 -3.7866456e-001
 -3.2379953e-001
 -2.3807599e-001
 -2.0793142e-001
 -2.1290580e-001
 -1.9299329e-001
 -1.7751965e-001
 -1.8450686e-001
 -1.7099940e-001
 -1.1182093e-001
 -3.6835028e-002
 -4.3435140e-004
 -2.5515287e-002
 -1.0941952e-001
 -1.8138177e-001
 -1.8264127e-001
 -1.2056561e-001
 -2.3554452e-002
  8.5791338e-002
  1.9803922e-001
  3.3715958e-001
  5.0704737e-001
  6.8203547e-001
  8.2272696e-001
  8.9230272e-001
  8.8379325e-001
  8.3741175e-001
  7.9588271e-001
  7.4564061e-001
  6.4898570e-001
  5.0267393e-001
  3.3217051e-001
  1.8235255e-001
  9.4250207e-002
  1.5199462e-002
 -9.5671473e-002
 -1.8542134e-001
 -1.9148456e-001
 -1.4854338e-001
 -1.0563826e-001
 -7.2724251e-002
 -2.7539954e-002
  2.1465462e-002
  6.7599977e-002
  1.2645829e-001
  1.9675519e-001
  2.0921892e-001
  1.3519422e-001
  2.3792329e-002
 -5.4902682e-002
 -1.2278977e-001
 -2.1553517e-001
 -3.2310850e-001
 -4.1123539e-001
 -5.0850254e-001
 -6.2741215e-001
 -6.9373910e-001
 -6.5383466e-001
 -5.6812893e-001
 -5.0569794e-001
 -4.5313365e-001
 -3.8104946e-001
 -3.0184198e-001
 -2.2823024e-001
 -1.4204105e-001
 -4.7498726e-002
 -8.2482616e-003
 -7.2207059e-002
 -1.7568626e-001
 -2.4747018e-001
 -3.1349193e-001
 -3.9893959e-001
 -4.5639850e-001
 -4.3387642e-001
 -3.8355352e-001
 -3.5650847e-001
 -3.3884988e-001
 -3.1172134e-001
 -3.0993615e-001
 -3.6193921e-001
 -4.2567231e-001
 -4.6728941e-001
 -4.7990941e-001
 -4.7977460e-001
 -4.6602391e-001
 -4.4106949e-001
 -4.0969985e-001
 -3.8559689e-001
 -3.5399844e-001
 -3.0710168e-001
 -2.7210525e-001
 -2.6903568e-001
 -2.5534479e-001
 -1.8449118e-001
 -1.3748192e-001
 -1.4312456e-001
 -6.4987342e-002
  2.0030482e-001
  4.9596193e-001
  6.4250446e-001
  7.0853465e-001
  8.0126892e-001
  8.6181329e-001
  8.2098669e-001
  7.6563610e-001
  7.6844302e-001
  7.4964406e-001
  6.2992777e-001
  4.2934238e-001
  2.1978250e-001
  7.6612034e-002
  3.5767366e-002
  1.3195219e-002
 -6.4423594e-002
 -1.2273787e-001
 -8.7731653e-002
 -1.6767327e-002
  1.3854880e-002
  2.8320781e-002
  6.9198015e-002
  1.0328449e-001
  9.9563981e-002
  1.0226017e-001
  1.3720405e-001
  1.8943742e-001
  2.1524146e-001
  2.0055904e-001
  1.4810553e-001
  7.2389258e-002
  1.0751834e-003
 -5.4988408e-002
 -8.7431477e-002
 -7.0251683e-002
 -1.0589869e-003
  6.7436773e-002
  9.2187254e-002
  1.0363311e-001
  1.3433896e-001
  1.4442589e-001
  8.4890896e-002
 -1.0395943e-002
 -9.1744737e-002
 -1.5493257e-001
 -1.9452977e-001
 -1.8117478e-001
 -1.1158203e-001
 -7.1327900e-003
  9.1698933e-002
  1.5253184e-001
  1.5670138e-001
  1.0141243e-001
  2.5490688e-003
 -1.1358861e-001
 -2.1697972e-001
 -2.9556208e-001
 -3.3427517e-001
 -3.0230271e-001
 -1.9526570e-001
 -9.2579322e-002
 -6.0546815e-002
 -5.7473950e-002
 -3.0485523e-002
  3.4993253e-003
  1.8112614e-002
  1.6924835e-002
  3.5264257e-002
  4.9004467e-002
  5.2191375e-002
  5.5786374e-002
  7.3147597e-002
  9.4973901e-002
  1.1438506e-001
  1.3115201e-001
  1.4991016e-001
  1.7306166e-001
  1.9369478e-001
  2.1447690e-001
  2.3326730e-001
  2.5489244e-001
  2.7702173e-001
  2.9583534e-001
  3.1968132e-001
  3.3882458e-001
  3.5143462e-001
  3.7816956e-001
  4.2796991e-001
  4.6571169e-001
  4.4764670e-001
  3.8487302e-001
  3.0468962e-001
  2.3308233e-001
  1.7686385e-001
  1.1189664e-001
  2.1018135e-002
 -7.6594826e-002
 -1.3680877e-001
 -1.1969844e-001
 -3.6993009e-002
  5.3327805e-002
  7.7892044e-002
  2.7555366e-002
 -8.6304013e-002
 -2.4662368e-001
 -4.1966462e-001
 -5.5331776e-001
 -6.1183145e-001
 -6.1850153e-001
 -6.0678776e-001
 -5.7976710e-001
 -5.1478040e-001
 -4.0443477e-001
 -2.5333482e-001
 -6.7438046e-002
  1.2246568e-001
  2.6667367e-001
  3.2636596e-001
  2.7241987e-001
  1.1928472e-001
 -2.1368683e-002
 -6.8773497e-002
 -5.9283855e-002
 -7.0661514e-002
 -1.0898395e-001
 -1.5222435e-001
 -2.1717643e-001
 -3.0285782e-001
 -4.0763011e-001
 -5.0128824e-001
 -5.0781065e-001
 -3.9400376e-001
 -2.1828250e-001
 -6.3153797e-002
  2.9805871e-002
  6.4768070e-002
  7.7714892e-002
  1.0258099e-001
  1.3601480e-001
  1.5254098e-001
  1.6815001e-001
  2.0700785e-001
  2.4997235e-001
  2.7792156e-001
  3.1639988e-001
  3.7250389e-001
  3.8349086e-001
  3.0295305e-001
  1.6063598e-001
  8.7846986e-003
 -1.3420960e-001
 -2.5276568e-001
 -3.1755155e-001
 -3.1336914e-001
 -2.8417311e-001
 -2.7520332e-001
 -2.8208397e-001
 -2.8503435e-001
 -2.9730937e-001
 -3.2374146e-001
 -3.3165862e-001
 -3.0480495e-001
 -2.3906020e-001
 -1.5944638e-001
 -7.6056101e-002
  1.3034241e-002
  1.2129953e-001
  2.5453755e-001
  3.7031260e-001
  4.1919735e-001
  3.9521514e-001
  3.1878756e-001
  2.4034585e-001
  1.9908898e-001
  1.5287297e-001
  6.3180740e-002
 -3.8784253e-002
 -1.0199020e-001
 -1.5109002e-001
 -2.1432464e-001
 -2.8317036e-001
 -3.2575581e-001
 -3.0812321e-001
 -2.2408502e-001
 -1.0696961e-001
 -3.5750896e-003
  9.0913645e-002
  1.9579108e-001
  3.2865916e-001
  4.7713646e-001
  5.6591743e-001
  5.3595123e-001
  4.1468042e-001
  2.6755058e-001
  1.4113319e-001
  5.1931799e-002
 -7.0061378e-003
 -6.5850738e-002
 -1.3254049e-001
 -2.0094855e-001
 -2.6594042e-001
 -3.1155856e-001
 -3.3218679e-001
 -3.4057762e-001
 -3.4852296e-001
 -3.7221754e-001
 -3.8899464e-001
 -3.8522708e-001
 -3.9376694e-001
 -4.3364978e-001
 -4.7695306e-001
 -4.9188275e-001
 -4.6896191e-001
 -4.2894699e-001
 -3.9735471e-001
 -3.9225462e-001
 -3.9955086e-001
 -3.8633648e-001
 -3.4299860e-001
 -2.6669305e-001
 -1.8400388e-001
 -1.1786523e-001
 -5.6213359e-002
  8.9408583e-003
  4.2741798e-002
  2.1374522e-002
 -1.7549579e-002
 -4.0784035e-002
 -6.9010953e-002
 -1.2073687e-001
 -1.6449746e-001
 -1.6864931e-001
 -1.1129568e-001
 -2.6713017e-003
  1.2401573e-001
  2.3146130e-001
  3.5122744e-001
  5.0703988e-001
  6.4230514e-001
  6.9197506e-001
  7.0106476e-001
  7.2255876e-001
  7.4624806e-001
  7.4928410e-001
  7.2556132e-001
  6.7776851e-001
  6.1628347e-001
  5.4932558e-001
  4.7434561e-001
  3.8042038e-001
  2.6077210e-001
  1.1345132e-001
 -4.4772336e-002
 -1.8380077e-001
 -2.8245691e-001
 -3.3248618e-001
 -3.7579054e-001
 -4.4147826e-001
 -4.8258107e-001
 -4.5994198e-001
 -4.1955608e-001
 -4.1189950e-001
 -4.0620603e-001
 -3.5643711e-001
 -2.6963192e-001
 -1.7091652e-001
 -5.1802090e-002
  9.5823156e-002
  2.3113247e-001
  3.2752204e-001
  4.1714667e-001
  5.2980665e-001
  5.9369827e-001
  5.4776120e-001
  4.4251527e-001
  3.5090556e-001
  2.7919819e-001
  2.0250147e-001
  1.2361007e-001
  4.1083455e-002
 -5.2655220e-002
 -1.5277985e-001
 -2.6862576e-001
 -3.8460419e-001
 -4.1577936e-001
 -3.1665170e-001
 -1.7021305e-001
 -7.6356274e-002
  1.3847728e-003
  1.1565791e-001
  2.4970231e-001
  3.6466475e-001
  4.7165886e-001
  5.7399985e-001
  6.2753849e-001
  6.0771482e-001
  5.4267457e-001
  4.8136796e-001
  4.0542255e-001
  2.9935817e-001
  1.8108546e-001
  6.6961800e-002
 -4.7464581e-002
 -1.6883050e-001
 -2.9738016e-001
 -4.1782029e-001
 -5.1919048e-001
 -6.0178074e-001
 -6.9435249e-001
 -8.1449148e-001
 -9.0941454e-001
 -9.1698669e-001
 -8.4608731e-001
 -7.3259026e-001
 -6.1959144e-001
 -5.1718134e-001
 -3.6574997e-001
 -1.3491734e-001
  8.5066100e-002
  2.0880152e-001
  3.0253796e-001
  4.4111665e-001
  5.7741604e-001
  6.3876758e-001
  6.0128662e-001
  4.8616115e-001
  3.7717358e-001
  3.4196042e-001
  3.4327073e-001
  3.2906337e-001
  3.0394695e-001
  2.8607240e-001
  2.4122335e-001
  1.4864445e-001
  1.7294226e-002
 -1.0983512e-001
 -1.9448550e-001
 -2.0312834e-001
 -1.5512889e-001
 -8.0984866e-002
 -1.4829670e-002
  3.7169906e-002
  9.6384033e-002
  1.8968200e-001
  2.8055696e-001
  3.4179209e-001
  3.9861827e-001
  4.8081119e-001
  5.5187911e-001
  5.6991184e-001
  5.2252017e-001
  4.1762373e-001
  3.0772377e-001
  2.2797320e-001
  1.6134314e-001
  7.6627137e-002
 -2.3463015e-002
 -1.1424847e-001
 -1.8485112e-001
 -2.3176149e-001
 -2.6828656e-001
 -3.1581211e-001
 -3.6322760e-001
 -4.0035563e-001
 -4.4065984e-001
 -4.9016419e-001
 -5.2242406e-001
 -5.1412782e-001
 -4.7412846e-001
 -4.1859922e-001
 -3.7052459e-001
 -3.3196384e-001
 -2.9181837e-001
 -2.3531873e-001
 -1.9173908e-001
 -1.7867886e-001
 -1.8198273e-001
 -1.7238110e-001
 -1.5519303e-001
 -1.3824638e-001
 -1.1503027e-001
 -8.4334064e-002
 -5.2618456e-002
 -2.7179389e-002
  5.7216531e-004
  4.1153053e-002
  5.7090902e-002
  3.0402466e-002
 -2.3303973e-002
 -7.0003090e-002
 -1.0908567e-001
 -1.5143001e-001
 -2.0091451e-001
 -2.5733251e-001
 -3.1680871e-001
 -3.6224475e-001
 -3.8064243e-001
 -3.6765045e-001
 -3.3475218e-001
 -3.0013803e-001
 -2.8042140e-001
 -2.9224572e-001
 -3.2229490e-001
 -3.5963886e-001
 -3.9799304e-001
 -4.4143357e-001
 -4.7874532e-001
 -5.1109491e-001
 -5.5215176e-001
 -6.0556540e-001
 -6.3310124e-001
 -5.9278890e-001
 -5.4459016e-001
 -5.1822490e-001
 -4.3885120e-001
 -2.3947293e-001
 -7.8354606e-003
  1.5464324e-001
  2.4941636e-001
  3.1094385e-001
  4.0318793e-001
  5.3212123e-001
  6.3168955e-001
  6.3005864e-001
  5.6607028e-001
  5.1198900e-001
  4.6413072e-001
  4.1149704e-001
  3.7531697e-001
  3.7943362e-001
  3.7731530e-001
  3.4646773e-001
  3.3329681e-001
  3.6631276e-001
  3.4944725e-001
  2.0306590e-001
  7.1697768e-003
 -1.3859484e-001
 -2.4781928e-001
 -3.6051986e-001
 -4.5092867e-001
 -4.9575633e-001
 -4.6287437e-001
 -3.4788740e-001
 -2.1764163e-001
 -1.3461395e-001
 -6.4082930e-002
  4.2899072e-002
  1.6099618e-001
  2.5561454e-001
  3.4724992e-001
  4.4647811e-001
  4.9376160e-001
  4.4637483e-001
  3.6316186e-001
  3.1062362e-001
  2.7345098e-001
  2.1930596e-001
  1.5394858e-001
  9.5147293e-002
  4.1332541e-002
 -5.5804797e-003
 -2.5887856e-002
 -1.0121615e-002
  1.9352962e-002
  3.4238853e-002
  4.2450308e-002
  6.6279144e-002
  9.7259007e-002
  1.2445870e-001
  1.3249974e-001
  1.1889279e-001
  9.1080031e-002
  7.2698558e-002
  5.6499401e-002
  4.3770997e-002
  2.0259092e-002
 -5.4080522e-003
 -3.1292088e-002
 -4.0428445e-002
 -3.0974289e-002
 -1.1732370e-002
  3.5411751e-003
  2.1091794e-003
 -2.4685954e-002
 -6.9114001e-002
 -1.2043603e-001
 -1.7031179e-001
 -2.2933213e-001
 -3.1894817e-001
 -3.9909853e-001
 -4.4784908e-001
 -5.1964209e-001
 -6.4336499e-001
 -6.8630443e-001
 -5.4332688e-001
 -3.1695890e-001
 -1.4680437e-001
 -5.1568520e-002
  1.5341024e-002
  9.3815625e-002
  2.0105881e-001
  3.2264455e-001
  4.0852590e-001
  4.6684652e-001
  5.1053450e-001
  5.0020834e-001
  4.2272753e-001
  3.5240009e-001
  3.2872607e-001
  3.3437493e-001
  3.2212523e-001
  3.0028938e-001
  2.8516174e-001
  2.7820213e-001
  2.7353224e-001
  2.5798149e-001
  2.2132781e-001
  1.6481932e-001
  8.8256404e-002
 -3.4207444e-003
 -1.0499145e-001
 -2.0715342e-001
 -3.0576305e-001
 -3.5802841e-001
 -3.4204539e-001
 -3.0372445e-001
 -2.8888342e-001
 -2.9196147e-001
 -2.9045070e-001
 -2.7525949e-001
 -2.4973329e-001
 -2.3045643e-001
 -2.3975931e-001
 -2.6082854e-001
 -2.7914790e-001
 -3.0334390e-001
 -3.3440700e-001
 -3.5904227e-001
 -3.6021136e-001
 -3.5138136e-001
 -3.2894721e-001
 -3.0183520e-001
 -2.5862228e-001
 -1.8988554e-001
 -9.4007877e-002
  1.6558797e-002
  1.2565698e-001
  1.9096365e-001
  1.8893699e-001
  1.5446114e-001
  1.3192597e-001
  1.2715522e-001
  1.3420735e-001
  1.3651308e-001
  1.2297805e-001
  1.0617582e-001
  1.0445415e-001
  1.0608598e-001
  9.7285359e-002
  9.1159264e-002
  9.0228222e-002
  8.6756508e-002
  6.6328257e-002
  1.8918316e-002
 -5.4431060e-002
 -1.2785258e-001
 -1.7870209e-001
 -2.4420970e-001
 -3.3810239e-001
 -4.2688236e-001
 -4.5380792e-001
 -4.2511802e-001
 -3.5971660e-001
 -2.9534705e-001
 -2.3798557e-001
 -1.8875819e-001
 -1.2270344e-001
 -4.8159289e-002
  2.8703785e-002
  9.4191115e-002
  1.4382042e-001
  1.6589146e-001
  1.5494567e-001
  1.4462170e-001
  1.5991719e-001
  1.6912076e-001
  1.3631450e-001
  7.6152603e-002
  1.0887069e-002
 -5.7601377e-002
 -1.3487523e-001
 -2.1165597e-001
 -2.5994937e-001
 -2.3035773e-001
 -1.0330829e-001
  5.8390369e-002
  1.8205559e-001
  2.5840616e-001
  2.9086538e-001
  2.6392563e-001
  1.7521935e-001
  8.2615829e-002
  2.7141785e-002
 -4.0579388e-002
 -1.5383525e-001
 -2.2232251e-001
 -1.7151038e-001
 -7.4976218e-002
 -1.4674914e-002
  2.9525020e-002
  1.0353979e-001
  1.7833438e-001
  2.3660693e-001
  3.0348059e-001
  3.9183199e-001
  4.7045842e-001
  5.0123528e-001
  4.5074926e-001
  3.1345217e-001
  1.6174980e-001
  5.7528184e-002
 -5.8271377e-002
 -2.2523400e-001
 -3.8747139e-001
 -4.6161424e-001
 -4.3600906e-001
 -3.3681851e-001
 -2.3572839e-001
 -1.7596545e-001
 -9.9407094e-002
  5.5650165e-002
  2.1387202e-001
  2.7673641e-001
  2.5393689e-001
  1.9139508e-001
  1.1845168e-001
  6.2018884e-002
  8.5340298e-003
 -6.8123598e-002
 -1.6736826e-001
 -2.7253077e-001
 -3.7409362e-001
 -4.5592760e-001
 -5.5352496e-001
 -6.8171903e-001
 -7.6561273e-001
 -7.3817639e-001
 -6.0713107e-001
 -4.2783008e-001
 -2.5270497e-001
 -1.0702617e-001
  4.4960025e-002
  2.4386245e-001
  4.4492993e-001
  6.0961629e-001
  7.6638816e-001
  9.5230166e-001
  1.0801582e+000
  1.0764935e+000
  9.3400984e-001
  7.0841486e-001
  4.7909533e-001
  2.9849772e-001
  1.1895830e-001
 -1.2088004e-001
 -3.7875600e-001
 -6.0075387e-001
 -8.2961127e-001
 -1.0838638e+000
 -1.2014787e+000
 -1.0684873e+000
 -8.4731312e-001
 -7.0934840e-001
 -6.0195123e-001
 -4.2893674e-001
 -2.2269409e-001
 -4.3233755e-002
  1.4668256e-001
  3.5280301e-001
  4.6835257e-001
  4.1952541e-001
  3.1680767e-001
  2.7563986e-001
  2.4372081e-001
  1.5547188e-001
  9.3058770e-002
  1.3577110e-001
  2.2342623e-001
  2.8060555e-001
  3.3153177e-001
  4.0843743e-001
  4.9388324e-001
  5.6233181e-001
  5.8212988e-001
  5.4745907e-001
  5.0846022e-001
  5.1129498e-001
  5.4144182e-001
  5.6567955e-001
  5.8171569e-001
  5.9759802e-001
  6.0482041e-001
  5.9908436e-001
  5.8267547e-001
  5.4242145e-001
  4.5662533e-001
  3.1565164e-001
  1.5426412e-001
  2.4264104e-002
 -7.4462396e-002
 -1.5872561e-001
 -2.2458773e-001
 -2.6931161e-001
 -2.9448969e-001
 -3.1393046e-001
 -3.2151010e-001
 -3.3269607e-001
 -3.5767305e-001
 -4.0577702e-001
 -4.7795429e-001
 -5.7109633e-001
 -6.4592231e-001
 -6.9007290e-001
 -7.0798031e-001
 -7.2681542e-001
 -7.6792076e-001
 -8.2456342e-001
 -8.2997437e-001
 -7.2729089e-001
 -5.5424996e-001
 -3.7676907e-001
 -2.0450215e-001
 -3.2195174e-002
  1.2503913e-001
  2.6107621e-001
  3.7442893e-001
  4.5441375e-001
  4.7866221e-001
  4.3084758e-001
  3.5448947e-001
  3.0084827e-001
  2.4671184e-001
  1.7388549e-001
  1.5412738e-001
  2.3324148e-001
  3.6916705e-001
  4.8890618e-001
  5.8202734e-001
  6.3997482e-001
  6.1721120e-001
  4.9923382e-001
  3.6142707e-001
  2.7931922e-001
  2.1242366e-001
  1.1995315e-001
  3.9574588e-002
  1.6724619e-002
  2.3518396e-002
  6.5641582e-003
 -6.0502171e-002
 -1.7216876e-001
 -2.8038247e-001
 -3.4118644e-001
 -3.7254544e-001
 -4.1758536e-001
 -4.4826473e-001
 -4.4757033e-001
 -4.9613250e-001
 -6.3710719e-001
 -7.6256191e-001
 -7.5466231e-001
 -6.1511545e-001
 -4.0572526e-001
 -1.8385382e-001
  1.5177953e-002
  1.8642998e-001
  3.4646993e-001
  5.0003100e-001
  6.3286149e-001
  7.2887683e-001
  7.6613157e-001
  7.3361936e-001
  6.5109123e-001
  5.5158130e-001
  4.7464075e-001
  4.4669182e-001
  4.6399626e-001
  5.1380398e-001
  5.6920039e-001
  6.2252911e-001
  6.6686413e-001
  7.1698291e-001
  7.7553093e-001
  8.3370527e-001
  8.7645072e-001
  9.0980461e-001
  9.4248986e-001
  9.5488664e-001
  9.3513914e-001
  9.1004531e-001
  8.9301177e-001
  7.9717368e-001
  5.6029318e-001
  2.6002891e-001
 -2.0739329e-002
 -2.8359000e-001
 -5.6140300e-001
 -8.8206888e-001
 -1.2071855e+000
 -1.3368803e+000
 -1.1497538e+000
 -8.4128528e-001
 -6.2928492e-001
 -4.5898694e-001
 -2.1155552e-001
  7.9129696e-002
  3.4659998e-001
  5.8275608e-001
  7.5637952e-001
  8.0532588e-001
  7.0647366e-001
  5.4362309e-001
  4.0953652e-001
  2.9467905e-001
  1.6076018e-001
 -8.8365076e-003
 -2.1352571e-001
 -3.7286264e-001
 -4.1892523e-001
 -3.3938171e-001
 -1.7550790e-001
 -2.1075006e-002
  7.3532059e-002
  1.7554417e-001
  3.7284172e-001
  6.2151273e-001
  8.4136883e-001
  9.9358263e-001
  1.0720334e+000
  1.0996856e+000
  1.1109178e+000
  1.0837157e+000
  1.0080179e+000
  9.2177729e-001
  8.5613618e-001
  7.8934923e-001
  6.8817617e-001
  5.9533961e-001
  5.5086069e-001
  4.9755881e-001
  3.7890234e-001
  2.0249037e-001
  6.7824639e-005
 -1.9746000e-001
 -3.7599624e-001
 -5.6149774e-001
 -7.7287768e-001
 -1.0005881e+000
 -1.2034808e+000
 -1.3072737e+000
 -1.2693070e+000
 -1.1988375e+000
 -1.1871915e+000
 -1.1832876e+000
 -1.1067219e+000
 -9.8493502e-001
 -8.6469179e-001
 -7.4711078e-001
 -6.2633443e-001
 -5.3503209e-001
 -4.9706659e-001
 -4.8088376e-001
 -4.4497168e-001
 -3.9632831e-001
 -3.4313828e-001
 -2.8517768e-001
 -2.2070983e-001
 -1.7237237e-001
 -1.4843034e-001
 -1.3786202e-001
 -1.1935066e-001
 -9.5936174e-002
 -7.4183243e-002
 -4.6681031e-002
 -1.8418355e-002
  1.8936877e-002
  5.7358508e-002
  7.8388016e-002
  6.7314708e-002
  3.4764698e-002
  9.1707874e-005
 -2.8395608e-002
 -5.3550675e-002
 -6.0846547e-002
 -4.8819742e-002
 -3.3008408e-002
 -2.4904311e-002
 -1.0666668e-002
  2.0569782e-002
  7.1977169e-002
  1.3820693e-001
  2.0175399e-001
  2.6380390e-001
  3.2132911e-001
  3.7783772e-001
  4.4058189e-001
  5.1242328e-001
  5.6532627e-001
  5.7417658e-001
  5.5060285e-001
  5.1107867e-001
  4.5464946e-001
  3.8310337e-001
  2.9393279e-001
  1.9492883e-001
  1.0583259e-001
  3.5961120e-002
 -4.9949772e-003
 -2.2529129e-002
 -3.1819553e-002
 -5.1718016e-002
 -6.6472044e-002
 -7.7198709e-002
 -9.9076247e-002
 -1.4568218e-001
 -1.9612420e-001
 -2.2167972e-001
 -1.8425599e-001
 -8.2520407e-002
  2.4884303e-002
  8.8819258e-002
  1.3146837e-001
  1.8680063e-001
  2.3800841e-001
  2.5741922e-001
  2.6218402e-001
  2.6617786e-001
  2.5899355e-001
  2.2206943e-001
  1.5189951e-001
  6.0000729e-002
 -1.8259858e-002
 -5.6143916e-002
 -9.4340572e-002
 -1.6004854e-001
 -2.1059771e-001
 -2.0277510e-001
 -1.6351229e-001
 -1.4083517e-001
 -1.1888706e-001
 -8.1314841e-002
 -6.2974517e-002
 -8.4974069e-002
 -1.2596839e-001
 -1.5014563e-001
 -1.6031070e-001
 -1.7033804e-001
 -1.8903605e-001
 -2.1341466e-001
 -2.3568050e-001
 -2.4289627e-001
 -2.3017851e-001
 -2.0662800e-001
 -1.7068174e-001
 -1.3620079e-001
 -1.2292610e-001
 -1.4152436e-001
 -1.8044818e-001
 -2.2076765e-001
 -2.5926783e-001
 -2.9787130e-001
 -3.1575749e-001
 -3.1446527e-001
 -3.2909684e-001
 -3.8820300e-001
 -4.4451762e-001
 -4.5244002e-001
 -4.2112132e-001
 -3.7674983e-001
 -3.2582195e-001
 -2.7138362e-001
 -2.0980430e-001
 -1.3846808e-001
 -6.6065098e-002
 -5.7554053e-003
  3.1405061e-002
  3.3495885e-002
  2.0269429e-003
 -5.1096026e-002
 -9.0508322e-002
 -9.2852699e-002
 -8.6853706e-002
 -1.1338751e-001
 -1.4643238e-001
 -1.5494017e-001
 -1.6090398e-001
 -1.8930552e-001
 -2.3369567e-001
 -2.7326474e-001
 -3.1674109e-001
 -3.6607323e-001
 -4.1296617e-001
 -4.4487006e-001
 -4.4694479e-001
 -4.2328203e-001
 -3.8966609e-001
 -3.6799924e-001
 -3.4277336e-001
 -3.0041337e-001
 -2.5243596e-001
 -2.1394708e-001
 -1.6700907e-001
 -1.0214932e-001
 -2.0981529e-002
  7.0848370e-002
  1.5159995e-001
  2.2248691e-001
  2.7868980e-001
  3.2580670e-001
  3.5432961e-001
  3.5993765e-001
  3.4635405e-001
  3.1654410e-001
  2.6292845e-001
  1.8665310e-001
  9.6779604e-002
  1.6745817e-002
 -4.4990850e-002
 -8.1376644e-002
 -1.2370791e-001
 -1.8540376e-001
 -2.3961933e-001
 -2.5258083e-001
 -2.2567629e-001
 -1.7357833e-001
 -1.2306445e-001
 -9.3239665e-002
 -6.6760108e-002
 -2.5326052e-002
  1.7164861e-002
  5.2784882e-002
  9.2310814e-002
  1.4167395e-001
  1.9470730e-001
  2.3843287e-001
  2.8172847e-001
  3.2641124e-001
  3.5753725e-001
  3.4881643e-001
  3.0684339e-001
  2.4486525e-001
  1.7721046e-001
  1.0328113e-001
  2.3305385e-002
 -5.7372943e-002
 -1.5351076e-001
 -2.5672959e-001
 -3.1285202e-001
 -2.8385890e-001
 -2.1488658e-001
 -1.6068208e-001
 -1.1571148e-001
 -5.3906033e-002
  1.4205913e-002
  7.9025424e-002
  1.4828003e-001
  2.3489737e-001
  2.9270499e-001
  2.8831267e-001
  2.3695701e-001
  1.7715206e-001
  1.3229920e-001
  1.1696128e-001
  1.0172279e-001
  6.4351217e-002
  2.3869756e-002
 -6.9429714e-004
 -9.3161895e-003
 -1.6920608e-002
 -2.1166110e-002
 -2.9612668e-002
 -3.3550505e-002
 -3.8304529e-002
 -4.6350388e-002
 -6.1149104e-002
 -8.6687063e-002
 -1.2312771e-001
 -1.5374861e-001
 -1.5953433e-001
 -1.4556945e-001
 -1.1384225e-001
 -7.4431528e-002
 -3.0588773e-002
  3.8413684e-004
  8.5127806e-003
 -2.2468437e-002
 -8.4516311e-002
 -1.4467487e-001
 -1.7835705e-001
 -2.1995679e-001
 -2.9487755e-001
 -3.6718584e-001
 -3.8683698e-001
 -3.5765719e-001
 -3.0181859e-001
 -2.4597347e-001
 -2.0455895e-001
 -1.6305941e-001
 -9.8167547e-002
 -1.3734319e-002
  6.7764783e-002
  1.5155417e-001
  2.2680919e-001
  2.9577125e-001
  3.4955394e-001
  3.8567821e-001
  3.9873735e-001
  3.9732736e-001
  3.8949665e-001
  3.7880595e-001
  3.6166980e-001
  3.2196671e-001
  2.4989980e-001
  1.8099788e-001
  1.3983491e-001
  1.2281270e-001
  9.8737836e-002
  6.8155711e-002
  3.5499458e-002
 -3.1907663e-003
 -3.2180844e-002
 -6.6789112e-002
 -1.0377304e-001
 -1.2666371e-001
 -1.3066491e-001
 -1.2532538e-001
 -1.1777850e-001
 -1.1352602e-001
 -1.0918963e-001
 -9.9797695e-002
 -8.4093641e-002
 -8.2594215e-002
 -1.0216043e-001
 -1.3693677e-001
 -1.7087702e-001
 -2.0093478e-001
 -2.2789502e-001
 -2.6566756e-001
 -3.0637261e-001
 -3.4373157e-001
 -3.6022686e-001
 -3.5206491e-001
 -3.2119451e-001
 -2.8840874e-001
 -2.7412090e-001
 -2.2314394e-001
 -1.0140133e-001
  1.8016990e-002
  7.2575991e-002
  9.6040429e-002
  1.4092607e-001
  1.9764787e-001
  2.4104754e-001
  2.4996956e-001
  2.2766522e-001
  1.9595971e-001
  1.7656266e-001
  1.5660083e-001
  1.2492324e-001
  1.0700440e-001
  1.2193424e-001
  1.5401087e-001
  1.7128959e-001
  1.9448553e-001
  2.2806016e-001
  2.3614811e-001
  1.9552390e-001
  1.3657285e-001
  9.4481390e-002
  5.5345436e-002
 -4.4498914e-003
 -6.4812477e-002
 -9.8961784e-002
 -9.5607531e-002
 -6.3815193e-002
 -2.7096913e-002
 -5.0922763e-003
  1.5529192e-002
  5.8081820e-002
  9.7081750e-002
  1.0894826e-001
  9.2810792e-002
  6.4119470e-002
  3.8050346e-002
  1.9747511e-002
  5.6901542e-005
 -3.2517173e-002
 -6.4900339e-002
 -8.8696795e-002
 -9.5917108e-002
 -1.0361418e-001
 -1.0593972e-001
 -1.1013340e-001
 -1.1424272e-001
 -1.1803103e-001
 -1.2706312e-001
 -1.4318369e-001
 -1.6476292e-001
 -1.9198160e-001
 -1.9755523e-001
 -1.5995454e-001
 -9.9495651e-002
 -5.0102039e-002
 -1.0466132e-002
  2.3774286e-002
  5.3679015e-002
  8.7919193e-002
  1.2734134e-001
  1.6781729e-001
  1.9744648e-001
  2.0485860e-001
  1.9365144e-001
  1.7996880e-001
  1.6520143e-001
  1.5557058e-001
  1.4038458e-001
  1.2106457e-001
  1.0513086e-001
  1.1048019e-001
  1.2517769e-001
  1.4097120e-001
  1.4772317e-001
  1.4570777e-001
  1.3677410e-001
  1.2510296e-001
  1.1497713e-001
  1.0428325e-001
  9.4034559e-002
  8.3239133e-002
  5.8840722e-002
  1.4064402e-002
 -2.9127547e-002
 -4.5197550e-002
 -5.0579504e-002
 -5.8229500e-002
 -8.2449786e-002
 -1.1790340e-001
 -1.7428409e-001
 -2.4544293e-001
 -3.1420184e-001
 -3.6417227e-001
 -4.1133897e-001
 -4.6748706e-001
 -5.1059132e-001
 -5.0095376e-001
 -4.6312079e-001
 -4.2262059e-001
 -3.8523681e-001
 -3.4580378e-001
 -2.8338017e-001
 -2.0264466e-001
 -1.0738912e-001
 -2.1162142e-002
  4.8165460e-002
  9.8976027e-002
  1.3048321e-001
  1.4364450e-001
  1.5487497e-001
  1.6443964e-001
  1.7365622e-001
  1.8043605e-001
  1.9057252e-001
  2.1407115e-001
  2.4967468e-001
  2.9071001e-001
  3.2329047e-001
  3.3605199e-001
  3.2197670e-001
  2.8635353e-001
  2.4632723e-001
  2.1090412e-001
  1.6901759e-001
  1.1263835e-001
  4.4058451e-002
 -2.1983977e-002
 -8.2088884e-002
 -1.4486787e-001
 -1.8653883e-001
 -2.0389294e-001
 -2.2373070e-001
 -2.6558111e-001
 -2.9777230e-001
 -2.9640407e-001
 -2.7214690e-001
 -2.4586392e-001
 -2.2190219e-001
 -1.9652987e-001
 -1.7123027e-001
 -1.3962894e-001
 -1.1888539e-001
 -1.1683788e-001
 -1.2455380e-001
 -1.3074762e-001
 -1.2619478e-001
 -1.0505107e-001
 -7.7474176e-002
 -5.3374362e-002
 -2.6002693e-002
  7.1050965e-003
  3.7882273e-002
  5.7327442e-002
  6.3696460e-002
  6.0117642e-002
  5.3479040e-002
  5.1018640e-002
  4.9014952e-002
  5.1367257e-002
  6.2778015e-002
  8.9600148e-002
  1.2431218e-001
  1.4937024e-001
  1.7755316e-001
  2.0279933e-001
  2.3871048e-001
  2.7479859e-001
  3.0151380e-001
  3.0585348e-001
  2.9120956e-001
  2.6799590e-001
  2.4532995e-001
  2.3016794e-001
  2.1193386e-001
  1.8188909e-001
  1.6010515e-001
  1.6412945e-001
  1.8654447e-001
  2.0820909e-001
  2.3009729e-001
  2.5316413e-001
  2.7699823e-001
  2.9875725e-001
  2.9460866e-001
  2.4914118e-001
  1.8975998e-001
  1.4844578e-001
  1.0523381e-001
  3.5801930e-002
 -3.6684798e-002
 -9.4304319e-002
 -1.5898359e-001
 -2.4377643e-001
 -3.1720682e-001
 -3.4536574e-001
 -3.2764388e-001
 -2.7108003e-001
 -2.1348194e-001
 -1.8157309e-001
 -1.4404966e-001
 -7.6316517e-002
 -1.0388718e-002
  1.8433974e-002
  1.0495858e-002
 -1.8420864e-002
 -5.2581949e-002
 -8.2654039e-002
 -9.8990096e-002
 -1.1267268e-001
 -1.2435854e-001
 -1.3348816e-001
 -1.4069910e-001
 -1.3735159e-001
 -1.2578001e-001
 -1.1450534e-001
 -1.0138260e-001
 -8.8064949e-002
 -7.1294763e-002
 -4.5023922e-002
 -1.7599273e-002
  8.4601051e-003
  3.2241932e-002
  5.6483825e-002
  8.2903517e-002
  1.1638690e-001
  1.5300233e-001
  1.9414351e-001
  2.3315099e-001
  2.7660118e-001
  3.1166075e-001
  3.2791253e-001
  3.3521173e-001
  3.3060934e-001
  3.1264525e-001
  2.7106404e-001
  2.0912533e-001
  1.3397006e-001
  7.1157373e-002
  3.0945246e-002
  6.0937262e-003
 -3.9688638e-003
 -1.5109791e-002
 -3.1887080e-002
 -4.4802319e-002
 -6.0743608e-002
 -7.4556243e-002
 -9.3933092e-002
 -1.1975840e-001
 -1.4401597e-001
 -1.5128163e-001
 -1.4025581e-001
 -1.1259566e-001
 -8.5089430e-002
 -5.3253255e-002
 -2.5526902e-002
 -4.5274774e-003
 -1.1669542e-003
 -2.5372451e-003
 -4.9393593e-003
 -3.6420484e-003
  4.1511725e-003
  1.4578264e-002
  2.8981772e-002
  4.5982135e-002
  5.8471800e-002
  7.0165727e-002
  7.8770054e-002
  8.3959143e-002
  8.7289636e-002
  9.6647609e-002
  1.0874977e-001
  1.2186818e-001
  1.3288948e-001
  1.4463839e-001
  1.5568903e-001
  1.6947474e-001
  1.8232091e-001
  1.9790359e-001
  2.1840030e-001
  2.4981729e-001
  2.8707234e-001
  3.1131244e-001
  3.0455517e-001
  2.8184085e-001
  2.5831290e-001
  2.2544674e-001
  1.7290913e-001
  1.0282672e-001
  3.9653337e-002
  1.0336280e-003
 -1.0781319e-002
 -1.1959487e-002
 -2.2163076e-002
 -3.4103708e-002
 -4.2797078e-002
 -5.1978340e-002
 -6.9713802e-002
 -7.9520882e-002
 -7.2908809e-002
 -5.3431501e-002
 -2.7725453e-002
 -6.9359128e-003
  1.2286087e-002
  3.4646868e-002
  6.3008008e-002
  9.3319618e-002
  1.2336973e-001
  1.5174769e-001
  1.8571408e-001
  2.0078911e-001
  1.7969539e-001
  1.4170595e-001
  1.0275749e-001
  7.1766162e-002
  4.3013584e-002
  2.0203427e-002
 -2.8928732e-004
 -2.1760095e-002
 -4.5091230e-002
 -6.7859664e-002
 -8.8973163e-002
 -9.9344364e-002
 -8.8341119e-002
 -7.4098495e-002
 -6.2928635e-002
 -5.3628167e-002
 -3.9371865e-002
 -2.8049411e-002
 -2.2136866e-002
 -1.5507313e-002
 -5.4917427e-003
  5.3753620e-005
  2.0803673e-003
  1.5151767e-004
 -3.2654843e-003
 -5.8972367e-003
 -8.9616899e-003
 -1.0819439e-002
 -1.1087595e-002
 -8.7125329e-003
 -6.2987210e-003
 -3.6673852e-003
 -9.5686987e-004
 -2.1033215e-003
  2.2292656e-003
  1.5971639e-002
  3.2531920e-002
  5.2374169e-002
  6.7034698e-002
  8.3490330e-002
  1.0373581e-001
  1.2447770e-001
  1.4078455e-001
  1.4946892e-001
  1.4490446e-001
  1.2965788e-001
  1.1702222e-001
  1.0046352e-001
  8.0490457e-002
  5.4846341e-002
  2.9570611e-002
  6.2653264e-003
 -1.6279145e-002
 -3.8284112e-002
 -7.0175662e-002
 -9.5773682e-002
 -1.0384080e-001
 -9.3429834e-002
 -7.3088101e-002
 -4.5957921e-002
 -2.4616287e-002
 -6.4740615e-003
  1.3861699e-002
  2.9254275e-002
  3.7545029e-002
  4.3190057e-002
  5.9204165e-002
  6.7327257e-002
  6.0984930e-002
  5.1775316e-002
  4.7699586e-002
  4.3758627e-002
  3.1347580e-002
  1.6554217e-002
  7.3859485e-003
 -1.1625370e-003
 -1.8240035e-002
 -2.7849948e-002
 -3.3537146e-002
 -2.7474006e-002
 -2.2654870e-002
 -1.5754566e-002
 -1.0461291e-002
 -3.6002426e-003
 -2.9831897e-003
 -4.7445968e-003
 -1.0868638e-002
 -1.6244311e-002
 -2.0034007e-002
 -2.1604458e-002
 -2.8681601e-002
 -3.3119098e-002
 -3.5681313e-002
 -3.1731028e-002
 -1.9096255e-002
 -8.8782543e-003
  4.9208485e-003
  1.3442378e-002
  2.4602971e-002
  4.1767083e-002
  5.4517370e-002
  6.2938522e-002
  6.5682765e-002
  6.2718598e-002
  5.8426437e-002
  5.1741265e-002
  3.1326069e-002
  5.9401251e-003
 -2.1804302e-002
 -4.4845754e-002
 -6.4229173e-002
 -7.3588209e-002
 -7.1801784e-002
 -6.2050066e-002
 -5.8410320e-002
 -6.4502477e-002
 -7.8709728e-002
 -1.0361419e-001
 -1.3242533e-001
 -1.5592940e-001
 -1.7342855e-001
 -1.6905794e-001
 -1.4634630e-001
 -1.1378665e-001
 -8.7617311e-002
 -6.7900689e-002
 -4.8492698e-002
 -3.3518943e-002
 -3.0883821e-002
 -2.3486953e-002
 -1.2528259e-002
 -8.7247979e-004
  3.1878771e-003
  3.8690537e-003
  1.7111297e-002
  3.6549633e-002
  5.6367678e-002
  7.9182875e-002
  1.0518067e-001
  1.1291573e-001
  9.3407200e-002
  6.8768356e-002
  5.2128127e-002
  3.8745891e-002
  1.2135322e-002
 -9.5009407e-003
 -2.2459922e-002
 -2.4074982e-002
 -2.8177293e-002
 -3.3878180e-002
 -3.8477438e-002
 -4.1456682e-002
 -4.2248585e-002
 -4.6122659e-002
 -4.7034890e-002
 -6.5025749e-002
 -9.3890457e-002
 -1.1650328e-001
 -1.2103877e-001
 -1.1555475e-001
 -1.0815144e-001
 -1.0645801e-001
 -1.0061677e-001
 -9.5133674e-002
 -8.9116808e-002
 -7.9157847e-002
 -7.2129986e-002
 -7.3556986e-002
 -8.8467206e-002
 -1.0789941e-001
 -1.2027878e-001
 -1.3499568e-001
 -1.5370848e-001
 -1.6373172e-001
 -1.5680464e-001
 -1.3995564e-001
 -1.3315489e-001
 -1.2784213e-001
 -1.1651916e-001
 -1.0845732e-001
 -1.0843445e-001
 -1.0518375e-001
 -9.9374216e-002
 -9.5895011e-002
 -9.7095876e-002
 -9.6956653e-002
 -8.3504827e-002
 -6.3235242e-002
 -3.2866329e-002
 -3.3215954e-003
  2.3312031e-002
  5.3179451e-002
  8.0066315e-002
  1.0795248e-001
  1.2921730e-001
  1.4741778e-001
  1.7662085e-001
  1.9278398e-001
  1.8496814e-001
  1.6750289e-001
  1.5264110e-001
  1.3673055e-001
  1.2017707e-001
  1.0049475e-001
  8.3413489e-002
  6.2829388e-002
  4.0443415e-002
  1.1029291e-002
 -2.8158112e-002
 -6.6307057e-002
 -9.0604547e-002
 -1.0131940e-001
 -1.1230668e-001
 -1.2148791e-001
 -1.2730524e-001
 -1.3547153e-001
 -1.4631058e-001
 -1.6337432e-001
 -1.8604221e-001
 -2.0966857e-001
 -2.3831458e-001
 -2.6144207e-001
 -2.7546778e-001
 -2.6836927e-001
 -2.4252846e-001
 -2.1165173e-001
 -1.9212368e-001
 -1.7475417e-001
 -1.4605471e-001
 -1.1490533e-001
 -8.6935719e-002
 -5.9240616e-002
 -3.2013344e-002
  2.2593380e-005
  2.9853118e-002
  5.3783908e-002
  7.5779150e-002
  9.7588697e-002
  1.1950501e-001
  1.4083674e-001
  1.6041591e-001
  1.8305058e-001
  2.0673939e-001
  2.2751595e-001
  2.4461958e-001
  2.5580407e-001
  2.5591275e-001
  2.5255920e-001
  2.3929429e-001
  2.2380066e-001
  1.9436726e-001
  1.6788461e-001
  1.4480231e-001
  1.2517881e-001
  9.2854550e-002
  5.2168770e-002
  7.1534044e-003
 -4.6451449e-002
 -1.0090386e-001
 -1.4590899e-001
 -1.8011691e-001
 -2.0401465e-001
 -2.3163233e-001
 -2.4899854e-001
 -2.5319154e-001
 -2.4450149e-001
 -2.4315363e-001
 -2.4092262e-001
 -2.3679270e-001
 -2.2229518e-001
 -1.9902954e-001
 -1.7541113e-001
 -1.5281270e-001
 -1.3504916e-001
 -1.0866456e-001
 -8.1278863e-002
 -4.6979062e-002
 -1.2192486e-002
  1.6646326e-002
  4.3386025e-002
  6.9594332e-002
  8.7444305e-002
  9.5508421e-002
  9.4531379e-002
  9.4775480e-002
  9.8115461e-002
  9.8062613e-002
  9.7480467e-002
  9.5923376e-002
  1.0237926e-001
  1.2030919e-001
  1.3440549e-001
  1.3222599e-001
  1.2022844e-001
  1.0593355e-001
  9.8575867e-002
  8.7548193e-002
  6.8289839e-002
  4.6963951e-002
  1.7931049e-002
 -4.9288135e-003
 -2.8032817e-002
 -5.5467314e-002
 -8.1549595e-002
 -1.0132804e-001
 -1.2882039e-001
 -1.5893170e-001
 -1.8546178e-001
 -1.9825478e-001
 -1.9051317e-001
 -1.6443619e-001
 -1.3565182e-001
 -1.1627081e-001
 -9.7370544e-002
 -6.6187204e-002
 -4.2887278e-002
 -3.9455242e-002
 -4.2771472e-002
 -4.1797522e-002
 -3.9311650e-002
 -3.9782818e-002
 -4.3036094e-002
 -4.8733052e-002
 -4.8250320e-002
 -4.5231599e-002
 -3.7592722e-002
 -2.9152294e-002
 -2.0588079e-002
 -2.1289886e-002
 -2.0830595e-002
 -2.0215046e-002
 -1.4901601e-002
 -1.6200669e-002
 -1.6084685e-002
 -1.3453162e-002
 -1.1675891e-002
 -1.5119431e-002
 -1.2289063e-002
  5.8202149e-003
  2.6485404e-002
  4.6994151e-002
  6.7655134e-002
  9.3648493e-002
  1.1317933e-001
  1.1124147e-001
  9.2897033e-002
  7.6659590e-002
  5.5997391e-002
  3.6457206e-002
  1.3926564e-002
 -6.3914680e-003
 -3.1646493e-002
 -5.5905499e-002
 -7.5434491e-002
 -8.8220111e-002
 -9.0449646e-002
 -8.9874848e-002
 -9.0757818e-002
 -9.2311114e-002
 -9.2773862e-002
 -9.1291166e-002
 -8.7380616e-002
 -8.8528881e-002
 -8.3115001e-002
 -6.8863494e-002
 -4.9594119e-002
 -3.7201771e-002
 -2.0970581e-002
 -4.0040633e-003
  1.3067651e-002
  2.9731728e-002
  3.8208326e-002
  3.6142145e-002
  3.5190186e-002
  3.3348952e-002
  3.2797345e-002
  3.0613115e-002
  2.7028345e-002
  3.1391299e-002
  3.8839585e-002
  4.7109262e-002
  5.2059800e-002
  5.8689671e-002
  6.4062405e-002
  7.6272975e-002
  8.4445053e-002
  8.7433464e-002
  8.4167952e-002
  8.1835382e-002
  7.5408358e-002
  7.1063383e-002
  6.8984483e-002
  6.3857221e-002
  5.9265680e-002
  6.5969327e-002
  7.4049096e-002
  7.8060883e-002
  8.5141225e-002
  9.2864972e-002
  9.9483499e-002
  1.0869341e-001
  1.0712729e-001
  1.0197811e-001
  8.8331194e-002
  8.1116784e-002
  7.4229485e-002
  6.1132191e-002
  5.1263372e-002
  5.3579012e-002
  6.2022422e-002
  6.8326123e-002
  7.8116459e-002
  8.6735318e-002
  9.4936494e-002
  1.0495925e-001
  1.1552981e-001
  1.2923086e-001
  1.3118870e-001
  1.1882926e-001
  1.0301859e-001
  8.7881867e-002
  7.4457936e-002
  5.9460901e-002
  4.4527973e-002
  2.8591419e-002
  1.3256029e-002
 -6.3856645e-003
 -1.9216649e-002
 -3.2618923e-002
 -4.1108197e-002
 -5.4729971e-002
 -6.6001826e-002
 -7.6501227e-002
 -8.3988705e-002
 -9.9052830e-002
 -1.1581238e-001
 -1.3496654e-001
 -1.5809698e-001
 -1.7581807e-001
 -1.9476770e-001
 -2.1271274e-001
 -2.2715729e-001
 -2.4163156e-001
 -2.5266440e-001
 -2.5972805e-001
 -2.6447959e-001
 -2.6863178e-001
 -2.7229206e-001
 -2.7921137e-001
 -2.8113356e-001
 -2.7906628e-001
 -2.7262906e-001
 -2.6927705e-001
 -2.6355623e-001
 -2.5930560e-001
 -2.5335908e-001
 -2.4935332e-001
 -2.4522788e-001
 -2.3465120e-001
 -2.1502283e-001
 -1.9278658e-001
 -1.6993994e-001
 -1.4588021e-001
 -1.2672907e-001
 -1.1368888e-001
 -1.0663634e-001
 -1.0417848e-001
 -1.0205821e-001
 -9.7042472e-002
 -9.3690827e-002
 -9.1453053e-002
 -9.0214907e-002
 -8.0728781e-002
 -7.2073092e-002
 -6.2755405e-002
 -5.7768158e-002
 -4.6566148e-002
 -3.8403989e-002
 -3.3420104e-002
 -2.2243284e-002
 -2.5479428e-003
  1.8242543e-002
  3.0092808e-002
  3.4433008e-002
  3.7132566e-002
  4.2719999e-002
  4.5607311e-002
  4.7764699e-002
  4.6034552e-002
  4.2573227e-002
  4.2948955e-002
  4.1192253e-002
  3.9945431e-002
  3.7205964e-002
  3.6389424e-002
  3.6400048e-002
  3.2002348e-002
  3.0269791e-002
  3.7424554e-002
  4.6702611e-002
  5.4298717e-002
  6.1636042e-002
  7.1084123e-002
  8.3492010e-002
  9.4597957e-002
  1.0896891e-001
  1.1906029e-001
  1.3147548e-001
  1.4423380e-001
  1.5548903e-001
  1.7034634e-001
  1.7779053e-001
  1.7634195e-001
  1.7117146e-001
  1.6812338e-001
  1.6693096e-001
  1.5919508e-001
  1.5510613e-001
  1.5257860e-001
  1.4263078e-001
  1.2600566e-001
  1.0689787e-001
  8.5185199e-002
  6.7041241e-002
  4.8446486e-002
  3.0226806e-002
  1.5286139e-002
  9.6882990e-003
  1.2941260e-002
  1.7819580e-002
  2.3238669e-002
  2.7981488e-002
  3.2214066e-002
  3.9220090e-002
  4.3392462e-002
  5.1230935e-002
  5.9776208e-002
  6.8406366e-002
  8.1165529e-002
  9.2254557e-002
  1.0317473e-001
  1.1526622e-001
  1.2985269e-001
  1.4121305e-001
  1.4266977e-001
  1.4022202e-001
  1.3007583e-001
  1.2288641e-001
  1.1944768e-001
  1.1942038e-001
  1.2026387e-001
  1.2092511e-001
  1.2326317e-001
  1.2441719e-001
  1.2369913e-001
  1.2964987e-001
  1.3158621e-001
  1.3134978e-001
  1.2102972e-001
  1.0533388e-001
  8.9982718e-002
  7.7537851e-002
  6.2422192e-002
  4.3826739e-002
  2.9985455e-002
  1.9182964e-002
  1.0514585e-002
  5.4864554e-003
 -4.0612043e-003
 -1.0467406e-002
 -1.8507925e-002
 -2.4066446e-002
 -2.1248739e-002
 -1.0978134e-002
  3.7148989e-003
  1.8305197e-002
  2.9802491e-002
  4.2557100e-002
  5.6859387e-002
  7.5365828e-002
  8.6830920e-002
  9.9497406e-002
  1.2052243e-001
  1.2948216e-001
  1.2057991e-001
  9.8086670e-002
  8.0186587e-002
  6.1118277e-002
  4.0658618e-002
  1.9381848e-002
 -1.9786453e-003
 -2.6337650e-002
 -5.3624900e-002
 -7.8186326e-002
 -9.0957694e-002
 -8.8855215e-002
 -7.2402567e-002
 -5.4251154e-002
 -4.1761982e-002
 -3.0798084e-002
 -1.0115934e-002
  6.1149370e-003
  9.5114374e-003
  9.7852062e-003
  1.5454288e-002
  2.2223568e-002
  2.4504680e-002
  2.4978754e-002
  2.6500849e-002
  3.2287305e-002
  3.7897457e-002
  4.7453737e-002
  5.6654845e-002
  6.7419675e-002
  7.8555051e-002
  8.6897076e-002
  9.7965322e-002
  1.0840801e-001
  1.2074338e-001
  1.3185166e-001
  1.3495969e-001
  1.3779344e-001
  1.3510938e-001
  1.3479557e-001
  1.3750916e-001
  1.3745677e-001
  1.3357458e-001
  1.3094361e-001
  1.3558203e-001
  1.3675456e-001
  1.2499482e-001
  9.9966880e-002
  6.5906223e-002
  2.9599567e-002
 -4.5760774e-003
 -3.0906005e-002
 -5.0212060e-002
 -6.1521242e-002
 -7.0838959e-002
 -8.4032556e-002
 -9.3205077e-002
 -1.0980069e-001
 -1.3107316e-001
 -1.5249823e-001
 -1.7720156e-001
 -1.9369849e-001
 -1.9233781e-001
 -1.8316230e-001
 -1.8043486e-001
 -1.7818051e-001
 -1.7448052e-001
 -1.6657917e-001
 -1.5862412e-001
 -1.5176125e-001
 -1.4619292e-001
 -1.3919400e-001
 -1.3198676e-001
 -1.2652176e-001
 -1.2439461e-001
 -1.2072205e-001
 -1.2047602e-001
 -1.1801694e-001
 -1.1559448e-001
 -1.1472036e-001
 -1.1256124e-001
 -1.1168558e-001
 -1.1204527e-001
 -1.0381454e-001
 -8.5562103e-002
 -6.3748949e-002
 -4.0043636e-002
 -2.1117469e-002
 -4.6467585e-003
  2.9499636e-003
  1.1358727e-003
 -4.2160064e-003
 -4.3718652e-003
 -3.7767170e-003
 -7.5801429e-003
 -1.2420009e-002
 -1.8357697e-002
 -1.7839001e-002
 -1.5515701e-002
 -9.5689147e-003
  4.6509228e-004
  9.1872424e-003
  1.7059720e-002
  2.7646462e-002
  3.8143165e-002
  4.8204188e-002
  5.3055202e-002
  5.0287881e-002
  4.7745145e-002
  4.1027430e-002
  3.4122402e-002
  3.0180827e-002
  2.1990356e-002
  1.0001070e-002
  3.9662196e-003
 -4.1964662e-003
 -1.5000997e-002
 -2.3676165e-002
 -2.3428502e-002
 -2.0329425e-002
 -1.3035779e-002
 -7.2857056e-003
 -1.4909420e-003
  4.2393801e-003
  1.0654873e-002
  1.7377467e-002
  2.5977945e-002
  3.1848385e-002
  4.0078910e-002
  4.7440834e-002
  5.2229459e-002
  5.8524250e-002
  5.7612255e-002
  6.3724280e-002
  6.8338690e-002
  7.3485801e-002
  7.6106715e-002
  7.9609592e-002
  8.2990279e-002
  8.7292671e-002
  1.0321729e-001
  1.2406893e-001
  1.5120989e-001
  1.6622561e-001
  1.5998841e-001
  1.4039225e-001
  1.1988633e-001
  1.0190904e-001
  8.5056463e-002
  6.8131397e-002
  5.0849914e-002
  3.4176265e-002
  1.9422290e-002
  2.1459292e-003
 -1.4921373e-002
 -3.2081060e-002
 -4.6230029e-002
 -6.3289850e-002
 -8.3523223e-002
 -9.3279596e-002
 -9.3536836e-002
 -8.8166127e-002
 -8.4335640e-002
 -8.1635400e-002
 -7.9161843e-002
 -7.1439821e-002
 -6.2267221e-002
 -5.1011664e-002
 -3.9266363e-002
 -2.9933214e-002
 -1.7566700e-002
 -2.8696407e-003
  1.3076058e-002
  3.2229405e-002
  4.4211970e-002
  5.0938073e-002
  4.7886385e-002
  4.4294475e-002
  4.2236822e-002
  3.9881763e-002
  3.5007412e-002
  2.9207057e-002
  2.5487765e-002
  1.9849081e-002
  1.4880675e-002
  9.0829531e-003
  6.5167016e-003
  1.6173662e-003
 -3.6956861e-003
 -8.6052371e-003
 -1.4005800e-002
 -1.4932148e-002
 -7.1088822e-003
  2.1556843e-003
  1.0258021e-002
  1.5633403e-002
  2.3073836e-002
  2.9995532e-002
  2.9270895e-002
  2.3150417e-002
  1.6937282e-002
  1.6443189e-002
  1.4975613e-002
  1.4252311e-002
  2.0615613e-002
  2.6251406e-002
  2.7782117e-002
  3.2060337e-002
  3.8111267e-002
  4.4944398e-002
  4.9461569e-002
  4.3104281e-002
  3.2483751e-002
  2.0384258e-002
  7.7963604e-003
 -2.8876325e-003
 -1.6724067e-002
 -2.7268343e-002
 -4.4462649e-002
 -5.9672277e-002
 -7.0821786e-002
 -8.6514710e-002
 -1.0169550e-001
 -1.1398370e-001
 -1.1359203e-001
 -1.0505363e-001
 -9.8416736e-002
 -9.1504038e-002
 -8.4498544e-002
 -7.6424399e-002
 -6.9396610e-002
 -6.6865677e-002
 -6.4409377e-002
 -6.1736921e-002
 -5.7501057e-002
 -5.4128842e-002
 -5.2831215e-002
 -4.8535265e-002
 -4.3423929e-002
 -4.0705914e-002
 -3.5712081e-002
 -3.2994785e-002
 -2.8383030e-002
 -2.4824156e-002
 -1.8857658e-002
 -1.4214225e-002
 -9.4312970e-003
 -4.4236413e-003
 -9.7363767e-004
  2.5697477e-003
  5.7651454e-003
  1.1825723e-002
  2.0444193e-002
  2.2061307e-002
  1.2397415e-002
  6.5696260e-004
 -8.9663961e-003
 -1.6813580e-002
 -2.7617715e-002
 -3.9207255e-002
 -5.0023329e-002
 -6.2737649e-002
 -7.5712592e-002
 -8.5109464e-002
 -9.6933453e-002
 -1.0596490e-001
 -1.1841523e-001
 -1.2492189e-001
 -1.3654791e-001
 -1.4688079e-001
 -1.5574997e-001
 -1.6278059e-001
 -1.6670767e-001
 -1.6829385e-001
 -1.7555585e-001
 -1.7920397e-001
 -1.8565777e-001
 -1.9148305e-001
 -1.9315276e-001
 -1.9771435e-001
 -2.0452364e-001
 -2.0809776e-001
 -2.0306772e-001
 -1.9404493e-001
 -1.8302044e-001
 -1.6759361e-001
 -1.5428065e-001
 -1.3174303e-001
 -9.9188368e-002
 -6.2564042e-002
 -3.5678430e-002
 -1.5026662e-002
  4.0175128e-003
  1.8618451e-002
  3.6783559e-002
  5.3834345e-002
  6.9821541e-002
  8.0181191e-002
  8.4365256e-002
  8.7796568e-002
  9.2630736e-002
  9.9913701e-002
  9.6370021e-002
  8.9826712e-002
  8.4337987e-002
  7.8041980e-002
  7.2636771e-002
  6.0191137e-002
  4.7178963e-002
  3.1711084e-002
  1.7219345e-002
  3.2292161e-003
 -9.5397346e-003
 -2.5138942e-002
 -4.2157610e-002
 -5.6839642e-002
 -5.6363648e-002
 -4.5576515e-002
 -2.9637633e-002
 -1.2784859e-002
  1.2048165e-003
  1.3842759e-002
  2.2282678e-002
  3.0563116e-002
  4.0856498e-002
  4.7529920e-002
  5.0458555e-002
  5.2842022e-002
  5.6448204e-002
  5.6352669e-002
  5.7215947e-002
  6.2226424e-002
  6.1285219e-002
  6.2688373e-002
  6.5318077e-002
  6.5950987e-002
  6.8856358e-002
  7.1442816e-002
  7.3088237e-002
  7.3053678e-002
  7.5863972e-002
  7.5421562e-002
  7.3507233e-002
  7.2784469e-002
  6.8879004e-002
  6.5740770e-002
  6.5065880e-002
  6.2554031e-002
  5.9444739e-002
  5.5859254e-002
  5.5248289e-002
  5.2760734e-002
  5.0640643e-002
  4.7293995e-002
  5.1307341e-002
  5.9028179e-002
  6.9789533e-002
  7.6849846e-002
  8.5953154e-002
  9.5419263e-002
  1.0272578e-001
  1.1126859e-001
  1.1607198e-001
  1.2244889e-001
  1.3169284e-001
  1.3596426e-001
  1.3309025e-001
  1.2861982e-001
  1.2484702e-001
  1.2252518e-001
  1.1672749e-001
  1.1277503e-001
  1.0678164e-001
  9.9936620e-002
  9.3485094e-002
  8.7677068e-002
  7.7412058e-002
  7.0674522e-002
  6.2405835e-002
  5.2534310e-002
  4.6545701e-002
  3.8666247e-002
  3.1993281e-002
  2.3327193e-002
  1.5254654e-002
  6.6853995e-003
  3.3137797e-003
  1.9273342e-003
  6.2051292e-003
  7.7907885e-003
  9.1404474e-003
  7.7632125e-003
  1.3963549e-002
  2.3430944e-002
  3.2012345e-002
  4.0593251e-002
  4.8552835e-002
  5.0403823e-002
  5.3244482e-002
  6.1359760e-002
  6.5917174e-002
  7.0264457e-002
  7.3888309e-002
  7.7401790e-002
  8.1711389e-002
  8.7758485e-002
  9.2024276e-002
  9.3105949e-002
  9.3664395e-002
  9.3434001e-002
  9.0034019e-002
  9.1227762e-002
  9.3780357e-002
  8.7610131e-002
  5.8867564e-002
  2.5758430e-002
  7.0382658e-003
  6.6558657e-004
 -6.9146410e-005
 -4.1192314e-003
 -1.1589390e-002
 -1.9726218e-002
 -2.2492459e-002
 -2.4205316e-002
 -2.7978348e-002
 -3.2147277e-002
 -3.8164240e-002
 -4.7401445e-002
 -5.3366932e-002
 -6.2822824e-002
 -7.0653917e-002
 -7.7123147e-002
 -8.6571740e-002
 -9.4383294e-002
 -1.0303682e-001
 -1.1159919e-001
 -1.2123578e-001
 -1.2432238e-001
 -1.1723024e-001
 -1.0483492e-001
 -9.2944132e-002
 -8.5996374e-002
 -7.5998676e-002
 -6.3447311e-002
 -5.3965944e-002
 -4.3193642e-002
 -2.8985322e-002
 -1.7991010e-002
 -1.4111310e-002
 -1.0644052e-002
 -1.0088417e-002
 -9.2592365e-003
 -5.5088408e-003
 -5.4242630e-003
 -5.4195247e-003
 -4.8654885e-003
 -2.1102175e-004
  4.6731116e-003
  9.3558926e-003
  1.5319253e-002
  1.9574339e-002
  2.3671309e-002
  3.0586697e-002
  3.3981305e-002
  3.6740851e-002
  4.3480023e-002
  4.2751044e-002
  4.2812540e-002
  4.4120158e-002
  3.9905382e-002
  2.4912585e-002
  1.3526507e-002
  1.2084370e-003
 -8.1425637e-003
 -2.1379227e-002
 -3.4944923e-002
 -4.2037201e-002
 -4.4729767e-002
 -5.0411442e-002
 -5.4170412e-002
 -5.7145233e-002
 -6.0598417e-002
 -6.2954693e-002
 -6.6472026e-002
 -6.7831908e-002
 -7.1999886e-002
 -7.4714680e-002
 -7.8267951e-002
 -7.6607642e-002
 -7.4179308e-002
 -7.0312093e-002
 -6.3176114e-002
 -4.7049739e-002
 -2.7570213e-002
 -1.0884797e-002
  3.9927783e-003
  2.5543261e-002
  4.6250680e-002
  5.8533412e-002
  6.4748917e-002
  6.1905176e-002
  5.8976370e-002
  5.6712411e-002
  5.7636313e-002
  5.5932859e-002
  5.2290474e-002
  4.9078824e-002
  4.6241763e-002
  4.3233721e-002
  4.3994458e-002
  4.1001116e-002
  3.9376488e-002
  3.6427938e-002
  2.7501214e-002
  1.6180872e-002
 -9.9688523e-004
 -1.1703352e-002
 -2.5855878e-002
 -4.0684756e-002
 -5.0873524e-002
 -4.7474453e-002
 -4.1216951e-002
 -3.9502093e-002
 -3.5575025e-002
 -3.0313864e-002
 -2.4145442e-002
 -2.0299750e-002
 -1.4690417e-002
 -8.6402693e-003
 -2.0898736e-003
  1.8569195e-003
  2.2618833e-003
 -2.7297113e-004
  3.2747668e-004
  3.7830978e-004
 -1.3392381e-003
 -1.5938083e-003
 -4.4390494e-003
 -7.3087370e-003
 -6.2661142e-003
 -7.8752570e-003
 -7.2668375e-003
 -6.1090985e-003
 -7.2697448e-004
  1.7349887e-003
  2.0819904e-003
  4.7461221e-003
  7.2755018e-003
  3.1810169e-003
 -1.7732253e-003
 -5.4085556e-003
 -6.1825220e-003
 -1.0745720e-002
 -1.4865323e-002
 -1.9871233e-002
 -2.1307964e-002
 -2.6179739e-002
 -2.9182715e-002
 -2.8843882e-002
 -2.6747830e-002
 -2.7523453e-002
 -2.8009440e-002
 -2.7095825e-002
 -2.4037020e-002
 -2.3481383e-002
 -2.4155772e-002
 -2.2230128e-002
 -2.2807937e-002
 -2.2551997e-002
 -2.6978898e-002
 -3.3922503e-002
 -4.3094974e-002
 -4.9761332e-002
 -5.6472556e-002
 -6.5802132e-002
 -7.5621464e-002
 -8.1296785e-002
 -8.2508758e-002
 -8.1283956e-002
 -8.0510525e-002
 -8.0835666e-002
 -8.0693148e-002
 -7.9961729e-002
 -7.4041958e-002
 -6.2503185e-002
 -5.1073827e-002
 -3.7457834e-002
 -2.4667190e-002
 -1.5263865e-002
 -1.4953238e-003
  9.3036707e-003
  1.6308242e-002
  1.8254101e-002
  1.7789726e-002
  1.8672798e-002
  1.9661528e-002
  2.1110010e-002
  2.0801267e-002
  1.8963061e-002
  1.9938687e-002
  2.3945645e-002
  2.9352002e-002
  3.6602029e-002
  4.1604730e-002
  4.6798585e-002
  4.7376616e-002
  4.8829046e-002
  4.7942479e-002
  4.8182367e-002
  4.7443844e-002
  4.7155625e-002
  4.5882570e-002
  4.6765434e-002
  4.5194715e-002
  4.4836196e-002
  5.1714642e-002
  5.6442581e-002
  6.5384186e-002
  7.1481624e-002
  7.5622852e-002
  8.5967010e-002
  9.3152938e-002
  9.5880414e-002
  9.4164009e-002
  9.2728738e-002
  9.5111027e-002
  9.4089025e-002
  9.2832860e-002
  9.1705504e-002
  9.1395706e-002
  8.9979328e-002
  8.8358404e-002
  8.7949093e-002
  8.7913259e-002
  8.6635640e-002
  8.5177117e-002
  8.2159275e-002
  8.1748989e-002
  8.1798176e-002
  8.0363932e-002
  7.8712614e-002
  7.9795203e-002
  7.7473832e-002
  7.4735876e-002
  6.9023784e-002
  6.2592648e-002
  5.4267780e-002
  4.4863388e-002
  3.9230362e-002
  3.5138437e-002
  3.3492042e-002
  3.4578753e-002
  3.3631089e-002
  3.2454599e-002
  3.1297860e-002
  3.3542356e-002
  3.5618204e-002
  3.4719866e-002
  3.6077143e-002
  2.9997883e-002
  2.4965070e-002
  1.8017699e-002
  1.5399545e-002
  1.4464938e-002
  1.3487788e-002
  1.3545967e-002
  1.3874318e-002
  1.1089629e-002
  1.1195759e-002
  1.2149749e-002
  1.2711710e-002
  1.0601429e-002
  6.6835184e-003
  3.4118463e-004
 -4.2680628e-003
 -9.0584848e-003
 -1.4411239e-002
 -1.7982885e-002
 -2.2648528e-002
 -2.4254941e-002
 -2.6757804e-002
 -2.8112050e-002
 -3.0786180e-002
 -3.3364708e-002
 -3.5387206e-002
 -3.5712996e-002
 -4.0322915e-002
 -4.7286064e-002
 -5.4639858e-002
 -6.0487636e-002
 -6.8338809e-002
 -7.6027425e-002
 -8.2917513e-002
 -9.0228965e-002
 -9.8488327e-002
 -1.0499347e-001
 -1.0998735e-001
 -1.1950802e-001
 -1.2721042e-001
 -1.3394388e-001
 -1.4126023e-001
 -1.4070052e-001
 -1.2987278e-001
 -1.1686549e-001
 -1.0863914e-001
 -1.0033030e-001
 -8.8834775e-002
 -7.7797260e-002
 -6.9095206e-002
 -6.5480927e-002
 -6.3562904e-002
 -6.1559160e-002
 -6.0027422e-002
 -5.7252108e-002
 -5.5967850e-002
 -5.5199409e-002
 -5.4182996e-002
 -5.2640592e-002
 -4.9176247e-002
 -4.7800258e-002
 -4.8564058e-002
 -4.7425383e-002
 -4.6776195e-002
 -4.4277997e-002
 -4.1267655e-002
 -3.9652909e-002
 -4.0332963e-002
 -3.7714841e-002
 -3.5679116e-002
 -2.9198920e-002
 -2.7104335e-002
 -2.7369725e-002
 -1.9880258e-002
 -9.9689316e-003
 -2.2824400e-003
  9.4678686e-003
  1.9612212e-002
  3.0995128e-002
  3.9713393e-002
  4.4455170e-002
  4.6415963e-002
  4.7980322e-002
  4.9399545e-002
  5.2328299e-002
  5.4670476e-002
  5.4107080e-002
  5.5349486e-002
  6.0427469e-002
  7.0532033e-002
  8.2983702e-002
  9.3930613e-002
  9.9407855e-002
  9.4539621e-002
  8.0966961e-002
  7.3702416e-002
  7.0765248e-002
  6.2170013e-002
  5.2562224e-002
  4.2323221e-002
  3.2717438e-002
  2.7098719e-002
  2.6869915e-002
  2.9043327e-002
  2.7065836e-002
  2.7736806e-002
  2.8023503e-002
  2.8597358e-002
  2.5954597e-002
  2.0362885e-002
  1.1881810e-002
  3.9126243e-003
 -3.0772931e-003
 -6.2155389e-003
 -1.0505181e-002
 -9.2930969e-003
 -1.1567220e-002
 -1.3447529e-002
 -1.5242664e-002
 -1.4567034e-002
 -1.3789282e-002
 -1.9210462e-002
 -2.8625311e-002
 -4.8148031e-002
 -6.4700306e-002
 -8.4333524e-002
 -9.8358102e-002
 -1.0012805e-001
 -9.9355648e-002
 -1.0135983e-001
 -1.0436263e-001
 -1.0376274e-001
 -1.0550753e-001
 -1.0174858e-001
 -9.4805569e-002
 -9.2695833e-002
 -8.7101084e-002
 -8.0697276e-002
 -7.7617576e-002
 -7.4477642e-002
 -7.1893390e-002
 -7.2187374e-002
 -7.1292746e-002
 -6.8767447e-002
 -6.5003673e-002
 -6.3353639e-002
 -6.6764553e-002
 -6.6539522e-002
 -6.1700844e-002
 -5.1874414e-002
 -3.9364455e-002
 -2.5130808e-002
 -1.2505946e-002
  1.8055937e-004
  1.1464526e-002
  2.7187311e-002
  4.3690825e-002
  5.4697670e-002
  6.8982221e-002
  8.6830495e-002
  9.8363273e-002
  9.5311335e-002
  8.4562050e-002
  7.1962117e-002
  6.2122024e-002
  5.2449932e-002
  4.1936879e-002
  2.6613329e-002
  1.2041115e-002
  9.7944259e-005
 -1.4164081e-002
 -2.5735335e-002
 -3.3775910e-002
 -3.6781972e-002
 -3.6177633e-002
 -3.9049019e-002
 -4.1499876e-002
 -4.5311749e-002
 -4.4942818e-002
 -4.7144226e-002
 -4.8462515e-002
 -4.7639556e-002
 -4.9781967e-002
 -5.2901261e-002
 -5.2034290e-002
 -5.5044164e-002
 -5.5614591e-002
 -5.7622261e-002
 -5.7365229e-002
 -5.3731511e-002
 -4.4453996e-002
 -3.7454826e-002
 -2.9958881e-002
 -2.2952102e-002
 -1.2078475e-002
 -2.4122775e-003
  5.9529025e-003
  1.3826250e-002
  1.7828014e-002
  1.7104239e-002
  1.8199065e-002
  2.0761033e-002
  2.5597610e-002
  2.3347522e-002
  2.4324431e-002
  2.7086030e-002
  3.3950448e-002
  4.0184722e-002
  4.9211640e-002
  5.5966397e-002
  6.0943865e-002
  7.1275254e-002
  7.9543352e-002
  8.4958473e-002
  9.0084106e-002
  9.4300569e-002
  9.4365440e-002
  9.7127551e-002
  9.8806227e-002
  1.0302632e-001
  1.0346241e-001
  1.0528094e-001
  1.0614993e-001
  1.0804360e-001
  1.0721835e-001
  1.0578792e-001
  1.0070424e-001
  1.0059044e-001
  9.6646235e-002
  9.2122879e-002
  9.0159472e-002
  8.6769765e-002
  8.4204632e-002
  8.0114042e-002
  7.6321684e-002
  7.3219784e-002
  7.1443109e-002
  6.7138341e-002
  6.1356277e-002
  5.7213264e-002
  5.4454221e-002
  4.8393547e-002
  4.5946736e-002
  4.0574553e-002
  3.6671483e-002
  3.5043991e-002
  3.0579434e-002
  2.7920151e-002
  2.6483348e-002
  2.3022035e-002
  2.0548408e-002
  1.8327522e-002
  1.7417872e-002
  1.4526368e-002
  1.1461567e-002
  8.1732544e-003
  6.0197515e-003
  5.3942104e-003
  4.5175883e-003
  3.6810159e-003
  9.0566926e-003
  9.1580958e-003
  1.1293144e-002
  1.6016649e-002
  1.7910963e-002
  2.1879840e-002
  2.2049182e-002
  1.5204342e-002
  8.0811647e-003
  2.3388927e-003
 -4.0390243e-003
 -9.7063892e-003
 -1.6456962e-002
 -2.4145586e-002
 -3.0263291e-002
 -3.8297135e-002
 -4.6405753e-002
 -5.2817945e-002
 -5.1104523e-002
 -4.9839811e-002
 -4.7564794e-002
 -4.3511803e-002
 -4.1614824e-002
 -4.0109194e-002
 -3.7746793e-002
 -3.1641423e-002
 -2.5204012e-002
 -1.8218815e-002
 -8.7410021e-003
 -1.6468139e-003
  7.2819442e-003
  1.2679854e-002
  1.6811088e-002
  1.8202739e-002
  2.1448354e-002
  2.5738238e-002
  3.4057029e-002
  4.7452840e-002
  5.9023586e-002
  6.8960557e-002
  7.9550966e-002
  9.7336889e-002
  1.0994921e-001
  1.1112202e-001
  1.0434297e-001
  9.3513373e-002
  8.6212704e-002
  7.7399852e-002
  6.9639502e-002
  5.7756680e-002
  4.6803456e-002
  3.4236028e-002
  2.7075816e-002
  1.4207184e-002
  2.6095133e-003
 -7.5462781e-003
 -1.6999536e-002
 -1.9389217e-002
 -2.5033385e-002
 -2.6895296e-002
 -3.1661892e-002
 -3.9015615e-002
 -4.3609454e-002
 -5.7345741e-002
 -6.8254064e-002
 -7.4689699e-002
 -8.0780761e-002
 -8.6150877e-002
 -8.5926849e-002
 -8.9235509e-002
 -9.0776258e-002
 -9.1202442e-002
 -9.2432592e-002
 -9.4247891e-002
 -9.5166454e-002
 -9.5560538e-002
 -9.6111887e-002
 -9.7212696e-002
 -9.8111047e-002
 -1.0033095e-001
 -9.8907741e-002
 -9.8383305e-002
 -9.5909041e-002
 -9.5748973e-002
 -9.1718200e-002
 -8.9964179e-002
 -8.9254627e-002
 -8.7387294e-002
 -8.3925439e-002
 -8.5735746e-002
 -8.8497062e-002
 -8.7256048e-002
 -8.9036836e-002
 -8.9495773e-002
 -9.1480809e-002
 -9.3130059e-002
 -9.3457928e-002
 -9.5300598e-002
 -9.3881151e-002
 -9.2069087e-002
 -8.4590816e-002
 -8.1998022e-002
 -7.8568910e-002
 -7.5950790e-002
 -6.8633037e-002
 -6.5717098e-002
 -6.7802668e-002
 -6.4730086e-002
 -6.6343610e-002
 -6.7465845e-002
 -6.4758811e-002
 -6.4901101e-002
 -6.4750728e-002
 -6.7241368e-002
 -6.5219291e-002
 -6.4036826e-002
 -6.3988535e-002
 -6.5769531e-002
 -6.2368878e-002
 -5.9326934e-002
 -5.4726854e-002
 -5.2110629e-002
 -5.0255760e-002
 -4.5087546e-002
 -4.3798302e-002
 -3.7777011e-002
 -3.3892460e-002
 -2.7585918e-002
 -2.2042051e-002
 -1.7592939e-002
 -1.1938606e-002
 -7.6485452e-003
 -9.9063735e-004
  3.5367377e-003
  7.9028741e-003
  1.4622238e-002
  1.4913607e-002
  1.5974691e-002
  8.3348324e-003
  5.6131811e-003
  9.7056495e-004
  9.5157351e-005
 -2.6703369e-003
 -9.9881829e-003
 -1.5567871e-002
 -1.2706392e-002
 -6.1442706e-003
  1.8835048e-004
  5.4679707e-003
  1.3634604e-002
  1.5138755e-002
  1.3998146e-002
  1.1869160e-002
  1.2796558e-002
  1.0925647e-002
  9.8323735e-003
  7.3518769e-003
  7.3341052e-003
  3.9973625e-003
  2.3024474e-003
 -4.2395683e-004
  2.4578356e-003
  3.2979020e-003
  6.8477277e-003
  8.7002270e-003
  1.0832445e-002
  1.4342717e-002
  1.5648320e-002
  2.0243798e-002
  2.1366113e-002
  2.1586398e-002
  1.7458737e-002
  9.9953842e-003
  4.5426402e-003
 -1.1643147e-003
 -6.5317497e-003
 -1.1918726e-002
 -1.8084932e-002
 -2.2607537e-002
 -2.4534494e-002
 -2.2017607e-002
 -2.0802973e-002
 -1.8940493e-002
 -1.5055325e-002
 -1.5384861e-002
 -1.4155188e-002
 -1.5939196e-002
 -2.1572296e-002
 -2.2055213e-002
 -2.6148597e-002
 -2.7515079e-002
 -2.7932204e-002
 -2.9658928e-002
 -2.7185790e-002
 -2.6326830e-002
 -2.2787888e-002
 -2.1802111e-002
 -2.0705530e-002
 -2.0539613e-002
 -2.6887009e-002
 -3.1850019e-002
 -3.3950987e-002
 -3.8178439e-002
 -4.5170474e-002
 -5.0411450e-002
 -5.1100859e-002
 -4.6234585e-002
 -4.3778752e-002
 -4.2198360e-002
 -4.0355216e-002
 -3.8273330e-002
 -3.1841176e-002
 -3.2901685e-002
 -2.7123237e-002
 -2.4000860e-002
 -2.1294330e-002
 -2.1355570e-002
 -1.9080779e-002
 -1.9042833e-002
 -1.7317236e-002
 -1.6481121e-002
 -1.9465788e-002
 -1.3203399e-002
 -1.5060490e-003
  1.1220549e-002
  2.7066643e-002
  3.8947187e-002
  5.5904259e-002
  6.6181437e-002
  6.8215181e-002
  6.8330820e-002
  7.0312799e-002
  7.3027818e-002
  7.4906012e-002
  7.5995348e-002
  7.9670869e-002
  7.7021556e-002
  7.9554592e-002
  7.8210318e-002
  8.0933210e-002
  8.2316464e-002
  8.0029613e-002
  7.4955212e-002
  6.8619805e-002
  6.1116550e-002
  5.3183056e-002
  4.8218732e-002
  3.8096569e-002
  3.0760592e-002
  2.7282558e-002
  2.6025178e-002
  2.8849529e-002
  2.8710526e-002
  3.0380951e-002
  3.1630911e-002
  3.2104996e-002
  3.3745538e-002
  3.6936095e-002
  3.5616188e-002
  3.1611631e-002
  2.4094657e-002
  1.4442861e-002
  7.4940041e-003
 -2.9379515e-004
 -8.0931697e-003
 -1.6663638e-002
 -2.6986558e-002
 -3.4475166e-002
 -3.3880236e-002
 -2.8668867e-002
 -2.1961066e-002
 -1.7900392e-002
 -1.3145271e-002
 -5.2218440e-003
 -2.0589116e-004
  3.7613965e-003
  3.2799463e-003
  2.2612709e-003
  1.5817898e-003
  4.5026312e-004
 -3.2006884e-003
 -2.2789729e-003
 -4.0319464e-003
 -4.6728097e-003
 -9.3517559e-003
 -7.5754301e-003
 -1.1380299e-002
 -1.3215892e-002
 -1.5964230e-002
 -1.4669504e-002
 -1.1475914e-002
 -1.0421761e-002
 -9.5851668e-003
 -5.1333680e-003
 -4.4501822e-003
 -7.5873882e-004
 -2.8387107e-004
  3.1141849e-003
  5.7166437e-003
  5.3943443e-003
  8.1018879e-003
  7.4914611e-003
  6.5474005e-003
  9.3038575e-003
  1.1572657e-002
  7.6674074e-003
  1.0896825e-002
  1.4703585e-002
  2.1666925e-002
  2.7476855e-002
  3.2152632e-002
  3.7186168e-002
  4.5640167e-002
  5.1916350e-002
  5.7905945e-002
  6.4422310e-002
  6.9860923e-002
  7.7006827e-002
  7.9114125e-002
  7.1948900e-002
  6.0340275e-002
  5.4685369e-002
  4.8753146e-002
  4.0792138e-002
  3.2126966e-002
  2.3993896e-002
  1.5388189e-002
  6.6392178e-003
 -5.4422029e-003
 -7.4804764e-003
  1.9979318e-004
  1.5428929e-002
  2.9017027e-002
  3.9525503e-002
  5.0053216e-002
  6.7898169e-002
  8.5655602e-002
  9.1536446e-002
  8.0118164e-002
  5.5256004e-002
  3.1058726e-002
  1.6946121e-002
 -1.8740693e-003
 -3.4287659e-002
 -6.2148876e-002
 -5.8709143e-002
 -2.7490866e-002
  1.6310122e-002
  5.8850506e-002
  8.8839931e-002
  1.2784971e-001
  1.7818744e-001
  2.1757485e-001
  2.1691715e-001
  1.8331072e-001
  1.3114622e-001
  9.1799693e-002
  8.4768493e-002
  8.8602354e-002
  8.1509851e-002
  7.6646665e-002
  8.4399304e-002
  8.9202614e-002
  6.1243622e-002
  1.4894048e-002
 -2.7718261e-002
 -8.1463351e-002
 -1.4740077e-001
 -1.9654336e-001
 -1.9325107e-001
 -1.4611374e-001
 -7.8935973e-002
 -5.7824232e-003
  6.3043197e-002
  1.0360567e-001
  1.1466308e-001
  9.7904199e-002
  7.0719558e-002
  4.6951240e-002
  2.8837213e-002
  2.2031003e-003
 -2.8544841e-002
 -6.8074080e-002
 -1.0114937e-001
 -1.0305174e-001
 -6.8166188e-002
 -1.4329378e-002
  2.6762450e-002
  6.7968040e-002
  1.1188355e-001
  1.3389974e-001
  1.1114265e-001
  6.5083726e-002
  3.4407905e-002
  1.8818177e-002
  1.9794822e-002
  3.4106051e-002
  6.2754029e-002
  8.7820943e-002
  9.5863872e-002
  8.4990235e-002
  6.9388096e-002
  5.2388770e-002
  3.7046567e-002
  2.4668207e-002
  1.7696663e-002
  1.5317644e-002
  1.7300479e-002
  1.1261452e-002
  2.9067772e-003
 -9.5011719e-003
 -2.0858687e-002
 -3.3723938e-002
 -5.2878281e-002
 -6.6104570e-002
 -6.6593127e-002
 -5.2850641e-002
 -3.7668394e-002
 -1.8695649e-002
 -2.7350634e-003
  1.3497732e-002
  2.8111753e-002
  4.6448203e-002
  7.4511214e-002
  9.6389377e-002
  8.9380117e-002
  6.0104944e-002
  7.4815877e-003
 -4.7428862e-002
 -9.2722233e-002
 -1.1595180e-001
 -1.1192731e-001
 -9.2908426e-002
 -7.3586080e-002
 -5.8337798e-002
 -4.3550609e-002
 -2.2872014e-002
  6.9987617e-003
  3.1381592e-002
  4.0763556e-002
  3.6871210e-002
  2.5708376e-002
  1.2142170e-002
  4.6200612e-003
 -1.4764087e-004
 -6.7758374e-003
 -5.3399185e-003
 -4.1565559e-004
  4.1278869e-003
  8.0751598e-003
  9.6326298e-003
  1.8238945e-002
  2.2414972e-002
  2.1141229e-002
  1.2792534e-002
  7.5512972e-003
  3.3862133e-003
 -1.0942757e-004
 -8.8144711e-003
 -1.6755451e-002
 -2.6433434e-002
 -3.7368068e-002
 -5.4504149e-002
 -6.9822200e-002
 -8.2884054e-002
 -9.1142133e-002
 -9.0881912e-002
 -7.8542551e-002
 -6.0557352e-002
 -4.4425215e-002
 -3.4522658e-002
 -1.9994149e-002
 -2.3231669e-003
  1.6718925e-002
  3.1833700e-002
  4.2858099e-002
  3.6346983e-002
  1.0879519e-002
 -1.5817059e-002
 -2.6298000e-002
 -4.4039044e-002
 -7.5581413e-002
 -1.0142334e-001
 -9.7957954e-002
 -7.5466576e-002
 -5.0766097e-002
 -2.1988510e-002
  8.7375689e-003
  2.9454248e-002
  4.0652950e-002
  4.0593002e-002
  3.2541469e-002
  2.3849086e-002
  1.7800935e-002
  1.2419110e-002
  8.7168505e-003
  1.2278155e-002
  3.7265745e-002
  5.8288453e-002
  6.9964327e-002
  7.1195072e-002
  7.0723840e-002
  7.1095964e-002
  7.5044631e-002
  7.4575567e-002
  7.4174001e-002
  7.2015572e-002
  7.1018675e-002
  6.7497904e-002
  6.3993847e-002
  5.4837663e-002
  4.7198988e-002
  3.6948201e-002
  2.8453582e-002
  2.0702512e-002
  9.2773614e-003
 -2.8528708e-003
 -1.6807536e-002
 -3.2799891e-002
 -4.8713117e-002
 -6.3076489e-002
 -6.8745943e-002
 -6.7319648e-002
 -5.6215479e-002
 -5.0607854e-002
 -4.7463191e-002
 -5.3468272e-002
 -5.2994921e-002
 -5.2544755e-002
 -5.5091522e-002
 -5.6270604e-002
 -4.9367586e-002
 -3.0438246e-002
 -1.5143447e-002
 -6.3394157e-004
  1.5392526e-002
  3.0950331e-002
  5.0115127e-002
  6.8469388e-002
  8.5817183e-002
  9.3377402e-002
  8.8862212e-002
  8.3957371e-002
  8.0189690e-002
  7.8635125e-002
  7.1673831e-002
  6.6989507e-002
  6.9825385e-002
  7.2409974e-002
  7.5708216e-002
  7.5427181e-002
  7.9730624e-002
  8.4722213e-002
  7.4907418e-002
  6.0087513e-002
  4.7957811e-002
  3.6410440e-002
  1.9498400e-002
  6.0488482e-003
  9.0695485e-004
 -3.5032351e-004
 -8.9805448e-004
  4.0976416e-003
  5.8338656e-003
  5.2097714e-003
 -7.2926874e-004
 -9.4727189e-003
 -1.7551930e-002
 -2.9881116e-002
 -3.4744548e-002
 -4.3798931e-002
 -5.7580350e-002
 -6.9294184e-002
 -7.0678861e-002
 -6.3066872e-002
 -5.4758803e-002
 -4.2786174e-002
 -3.5834957e-002
 -2.7116524e-002
 -1.2783408e-002
 -6.9424865e-003
 -1.1471201e-002
 -2.2440203e-002
 -2.4836514e-002
 -3.1208582e-002
 -4.1420539e-002
 -5.1082719e-002
 -5.5440830e-002
 -5.6856946e-002
 -5.6668357e-002
 -5.4749630e-002
 -5.5464044e-002
 -5.2218370e-002
 -5.0219735e-002
 -4.8901596e-002
 -5.3455775e-002
 -6.6565046e-002
 -7.6990483e-002
 -9.0880846e-002
 -9.8949299e-002
 -1.1216353e-001
 -1.2686603e-001
 -1.3820333e-001
 -1.3815011e-001
 -1.3608406e-001
 -1.3666695e-001
 -1.3781614e-001
 -1.3135657e-001
 -1.1772702e-001
 -1.0651893e-001
 -9.3785420e-002
 -8.3854121e-002
 -7.4252184e-002
 -5.8474909e-002
 -4.4455422e-002
 -3.5298623e-002
 -3.4018903e-002
 -3.6670226e-002
 -4.1017704e-002
 -4.3039666e-002
 -4.3569449e-002
 -4.7124185e-002
 -5.2787379e-002
 -5.9667020e-002
 -6.2440594e-002
 -6.5952871e-002
 -7.1645959e-002
 -7.5214292e-002
 -7.7159405e-002
 -7.7903949e-002
 -7.1269583e-002
 -6.2318836e-002
 -5.0141095e-002
 -4.3692409e-002
 -3.6325979e-002
 -3.0483656e-002
 -2.4505877e-002
 -2.0024444e-002
 -1.4656699e-002
 -8.2673277e-003
