  2.3406045e-001
  8.1371670e-001
 -2.8747792e-001
 -1.4446909e-001
 -2.6458449e-001
 -9.4257789e-002
 -1.6832129e-001
  8.7676240e-002
  6.9139926e-001
 -3.5753170e-002
  3.2839333e-001
  4.7178357e-001
  3.6647759e-001
  6.5436584e-001
  1.4998533e-001
 -5.2312528e-001
  4.3072973e-001
 -4.5514911e-001
 -1.2380089e-001
 -9.7226814e-002
  5.5972866e-001
 -2.9758393e-001
  1.9197806e-001
  5.6644242e-001
 -2.3636259e-001
 -2.5007590e-001
  4.5617675e-002
 -9.6336932e-002
 -3.2678814e-001
  1.5994544e-001
  1.5665179e-001
  4.2194909e-001
  5.5061735e-001
 -6.4095287e-002
  3.2545572e-001
 -5.9656114e-001
 -3.4221309e-001
 -5.6760881e-001
 -1.5459894e-001
  3.7011902e-001
  4.3576206e-001
  4.1445344e-001
  7.5713796e-001
 -1.4797184e-001
 -4.2600591e-001
 -9.8880740e-001
  1.0514838e-001
  1.6635861e-001
  8.1624752e-002
 -1.9364426e-001
  5.7957885e-001
 -4.0915861e-001
  1.0357376e+000
  4.6693120e-002
 -1.0155219e-001
  4.4239076e-001
  3.2895422e-002
  5.5365606e-001
  7.0837123e-001
 -4.4909918e-001
  3.9560837e-001
  2.0139421e-001
  5.5038223e-001
 -5.8597724e-001
  5.6472837e-001
  2.6340755e-001
  7.6390992e-001
 -7.6075401e-001
  4.8112238e-002
  1.9419796e-003
  1.1541558e-001
  1.0396435e+000
  1.8795156e-001
  6.8932808e-001
 -3.0151851e-001
 -4.5614869e-001
 -6.5324484e-002
 -2.4616888e-001
 -7.2196799e-002
  3.0342138e-001
  5.6425924e-002
 -3.4387931e-001
  5.6334072e-001
 -3.5741365e-001
  4.4309084e-001
  1.6442183e-001
 -6.2518336e-001
  2.7182290e-001
  3.6786965e-001
  1.3934778e-001
 -1.2440241e-001
  1.7946927e-001
  6.6324691e-001
  3.4011816e-001
  1.6714393e-001
 -3.4025038e-001
 -2.5641959e-001
 -3.4447260e-001
 -7.9045499e-002
  8.6210181e-003
  7.9336971e-002
  1.6212177e-001
 -8.5945373e-002
  3.0559060e-001
 -1.0662786e-001
 -1.0573205e+000
 -8.9032115e-001
  6.7258220e-002
  1.6243828e-001
 -3.2555488e-001
  4.4143767e-001
 -8.1305678e-001
 -4.6259259e-001
 -3.8188219e-001
 -5.0030995e-001
 -4.3708685e-001
 -5.6233953e-001
  7.5664650e-002
 -2.5761192e-001
 -1.0644015e+000
 -1.2564919e-002
 -7.9805580e-002
  4.0275708e-001
 -1.3418291e-001
 -4.6247983e-001
  3.0777853e-001
 -5.2425804e-001
 -4.0170062e-001
 -4.2824152e-001
 -5.0704498e-001
 -1.0997793e-001
 -2.4655962e-001
 -1.0707753e+000
 -2.1991860e-001
 -7.9191112e-001
 -5.3567160e-001
 -8.0173960e-001
 -5.8739582e-001
 -5.6084892e-001
 -1.1020315e+000
 -6.4819580e-001
 -8.6386205e-001
 -1.0809620e+000
 -8.5849236e-001
 -4.3526979e-001
 -4.3616609e-001
 -9.5152726e-001
 -8.1895573e-001
 -2.1900160e-001
 -5.4214423e-001
  1.2565259e-001
 -7.7510247e-001
  4.5872016e-002
  4.5800124e-002
  3.1572351e-001
  2.1324982e-001
  3.5753918e-001
 -3.0748607e-001
  5.1452342e-001
 -7.6367989e-002
  5.7291091e-002
 -6.8104302e-001
 -1.9595202e-002
 -6.0139967e-001
 -1.2424401e+000
 -6.5847668e-001
 -1.0660807e+000
 -1.2235436e+000
 -4.8994691e-001
 -1.9252743e-001
 -1.0447826e+000
  5.1966577e-001
  3.1540713e-001
  3.6698043e-001
  3.4425305e-001
  1.2639165e+000
  3.9204486e-001
  5.5662156e-001
  6.1405308e-001
  7.0197538e-001
  7.0928656e-001
  9.1851242e-001
  3.6345402e-001
  8.8318689e-001
  1.0265482e+000
  3.1645959e-001
  9.6698818e-001
  6.1410285e-001
  8.9714828e-001
 -3.1496690e-001
  4.0852809e-001
 -3.2528296e-001
 -4.8619586e-001
 -4.5968946e-001
 -4.4235924e-001
 -6.1730508e-001
 -1.0563642e+000
  1.3565904e-001
 -6.1846641e-001
  2.6348510e-001
  4.7039988e-001
  8.7613880e-001
  8.0215893e-001
  1.0493669e+000
  9.2800635e-001
  9.0360401e-001
  2.8742161e-001
  8.0224943e-001
  7.3765678e-001
  1.0133204e-001
  8.2383230e-001
  2.0502187e-001
  1.0739222e+000
  4.9205293e-002
 -2.7838784e-001
  4.6149193e-001
  4.0640589e-001
  1.4634176e+000
  1.9829834e+000
  1.5474211e+000
  1.7772070e+000
  1.8204569e+000
  2.4553483e+000
  2.8140527e+000
  1.7207103e+000
  2.7271181e+000
  2.3198544e+000
  2.5066500e+000
  3.3405968e+000
  2.2320207e+000
  2.8221417e+000
  2.3161501e+000
  2.2082779e+000
  2.2320250e+000
  2.4952923e+000
  2.4511116e+000
  2.2538473e+000
  8.8769067e-001
  1.1591305e+000
  1.8598837e+000
  6.2049049e-001
  7.6240676e-002
 -1.9342491e-001
  2.1550924e-001
  9.3296214e-002
 -8.4020832e-001
 -5.0561746e-001
 -1.2466125e+000
 -1.6634535e-001
 -5.3110957e-001
 -3.7117998e-001
 -2.6131550e-001
  2.1199950e-001
 -5.5841935e-001
  6.1903946e-001
  2.7176781e-001
 -2.9788073e-001
  4.4638269e-001
 -1.3348187e-001
 -1.0806378e+000
 -1.3794600e+000
 -1.5262983e+000
 -2.6853522e+000
 -3.3304043e+000
 -4.1768661e+000
 -4.1194345e+000
 -3.9521980e+000
 -4.2334160e+000
 -4.2647755e+000
 -4.0828974e+000
 -3.2020511e+000
 -3.2115011e+000
 -2.5193681e+000
 -2.4908701e+000
 -8.8213048e-001
 -3.6172358e-001
 -3.3441877e-001
  1.0981185e+000
  1.4770825e+000
  1.3327655e+000
  1.1463060e+000
  2.2380535e+000
  2.3991742e+000
  2.6080170e+000
  1.5208802e+000
  1.8940964e+000
  6.6261946e-001
  2.1641238e-001
 -2.1001570e-001
 -6.0352965e-001
 -1.3122290e+000
 -2.1010066e+000
 -1.3387312e+000
 -1.6751898e+000
 -1.5260940e+000
 -7.9707742e-001
 -5.5395725e-001
 -4.8995881e-001
  7.5592113e-001
  6.0200382e-001
  1.0161124e+000
  4.5371074e-001
  1.1553590e+000
  1.4512011e+000
  1.6068508e+000
  3.0665340e+000
  1.9338738e+000
  3.0665040e+000
  3.8917028e+000
  2.9273211e+000
  2.7042350e+000
  2.6192805e+000
  3.4942122e+000
  3.0295290e+000
  4.0045110e+000
  3.1170739e+000
  3.2792389e+000
  3.2106813e+000
  3.0606470e+000
  3.3701679e+000
  3.1120039e+000
  2.6119328e+000
  1.9725730e+000
  2.1965169e+000
  2.5788199e+000
  1.6150801e+000
  9.5264239e-001
  1.3788334e+000
  9.9785819e-001
  1.5453889e-001
  1.0311992e+000
  2.3746227e-001
  3.9638156e-002
 -3.3658626e-001
 -9.0974272e-001
 -3.4991818e-001
 -2.2109219e-001
 -9.5663223e-001
 -4.3092795e-001
 -6.1164593e-001
 -1.6650991e+000
 -1.3552953e+000
 -2.0894237e+000
 -1.8034674e+000
 -2.1445002e+000
 -1.7596276e+000
 -2.3192704e+000
 -3.2559295e+000
 -2.7555929e+000
 -3.1316918e+000
 -3.7091178e+000
 -3.0979323e+000
 -3.1689996e+000
 -2.3981558e+000
 -2.1710596e+000
 -2.1749045e+000
 -1.0212473e+000
 -7.2556766e-001
 -7.0000996e-001
 -1.7920885e-001
 -1.0072228e+000
 -1.0444612e+000
 -9.9182066e-001
 -1.3595025e+000
 -1.4505675e+000
 -1.9161069e+000
 -1.5601137e+000
 -1.2112971e+000
 -1.6350617e+000
 -1.6544590e+000
 -8.0316409e-001
 -1.4988233e+000
 -3.0754744e-001
 -5.1854939e-001
  1.0519756e-001
 -1.1428338e+000
 -6.5731955e-001
 -4.4757366e-001
 -6.9944337e-002
 -1.4781759e+000
 -7.4766962e-001
 -7.1492924e-002
 -1.1259150e-002
 -5.6319846e-001
 -1.6532782e-001
 -6.6198121e-001
 -5.0898346e-001
  3.3431982e-001
  6.2299417e-001
  2.6820934e-001
  9.5074383e-001
 -9.9937678e-002
 -2.0691230e-001
 -6.0683277e-001
 -1.2323201e+000
 -1.0342580e+000
 -1.0257494e+000
 -1.6406953e+000
 -6.3205201e-001
 -6.5213168e-001
 -1.5847782e-001
 -1.0516629e+000
 -6.7574009e-001
  5.5002184e-001
 -1.3028115e-001
 -4.8507073e-001
 -4.6290088e-001
  4.9723325e-001
 -1.6028347e-001
 -5.4724876e-001
 -4.1469908e-002
 -1.3181603e-001
  2.6207396e-001
  4.7429536e-001
  1.5829597e-002
  4.4375147e-001
  5.0421960e-001
  4.2913448e-001
  8.5648973e-002
  5.6151551e-002
 -1.5395061e-001
 -7.8051223e-001
 -1.1822321e+000
 -1.9900358e+000
 -2.3255935e+000
 -3.5473449e+000
 -2.8434879e+000
 -2.8676944e+000
 -3.1947452e+000
 -3.8551200e+000
 -3.1345841e+000
 -3.4602170e+000
 -2.7004718e+000
 -2.8507323e+000
 -2.2103313e+000
 -1.9421914e+000
 -2.6705472e+000
 -1.3072432e+000
 -1.5734120e+000
 -1.0989644e+000
 -1.3940362e+000
 -2.9381288e-001
 -7.7077033e-001
 -1.2815606e+000
 -5.7065192e-001
 -6.0117697e-001
 -2.4520597e-001
 -8.2541853e-001
 -6.3659297e-001
 -6.0464626e-001
 -2.6999037e-001
  5.0536379e-001
  1.0527028e+000
  1.0235686e+000
  3.1942549e-001
  5.7159709e-001
  9.3498598e-001
  1.0086078e+000
  1.8623831e+000
  1.3394540e+000
  1.9340157e+000
  1.8478237e+000
  2.3133430e+000
  2.0224814e+000
  2.4940379e+000
  2.0213396e+000
  2.1518730e+000
  2.3800285e+000
  2.5798757e+000
  3.0769936e+000
  2.7406311e+000
  2.6377655e+000
  2.5662835e+000
  1.7179482e+000
  1.9476281e+000
  1.9985825e+000
  1.3360572e+000
  9.9530857e-001
  1.2899342e+000
  6.5727559e-001
  6.6179830e-001
  4.7035251e-001
  9.2902119e-001
  9.3783047e-001
  4.2906552e-001
  5.7984999e-002
  7.1017528e-001
  3.7187225e-001
  1.0483420e+000
  7.0843464e-001
  8.1564406e-003
  7.6889453e-002
 -5.3855780e-002
  6.3205614e-001
 -1.9504609e-001
  6.0215558e-001
 -2.4541813e-001
  6.5073822e-002
  6.5454915e-001
  2.0405606e-001
  1.2960326e+000
  1.4094496e+000
  8.3121039e-001
  1.1917499e+000
  1.4098275e+000
  1.4681244e+000
  7.4309709e-001
  6.1578298e-001
  1.0597627e+000
  7.6079722e-001
 -5.5509947e-001
 -1.7400542e-001
 -5.8213663e-001
 -1.1867990e+000
 -1.3311261e+000
 -1.6953779e+000
 -1.6933437e+000
 -2.1520088e+000
 -1.9198977e+000
 -2.1803365e+000
 -2.4396443e+000
 -1.2676306e+000
 -1.7352755e+000
 -1.1414025e+000
 -1.9916171e-001
 -3.9551640e-001
 -6.5942446e-001
 -1.5829152e+000
 -1.0948949e+000
 -1.3169253e+000
 -1.1958560e+000
 -1.1443914e+000
 -2.0154641e+000
 -1.1956414e+000
 -1.0010079e+000
  8.3616703e-002
 -7.4131141e-001
 -2.9185607e-001
  2.4535001e-001
  9.8310913e-001
  1.0384950e+000
  1.2343559e+000
  1.5622138e+000
  1.3587131e+000
  2.0841426e+000
  1.6426044e+000
  2.4648047e+000
  2.6003362e+000
  3.1288524e+000
  3.3979414e+000
  3.4943888e+000
  2.8645816e+000
  3.8300856e+000
  3.8492280e+000
  3.9008543e+000
  3.2520837e+000
  3.0126331e+000
  2.5983228e+000
  2.4833937e+000
  2.1873121e+000
  1.7185033e+000
  1.9076537e+000
  1.7189175e+000
  6.6908871e-001
  1.7603028e+000
  1.2056818e+000
  1.4015017e+000
  1.2515562e+000
  6.0970910e-001
  1.0287469e+000
  9.9224839e-001
 -9.0398935e-002
  4.2469616e-001
 -3.8074185e-002
 -2.9075932e-001
 -4.2363963e-001
 -7.1027930e-001
 -4.3312294e-002
 -3.7511377e-001
 -1.4003261e+000
 -1.3515728e-001
 -2.8816694e-001
 -5.5837960e-001
 -6.4675545e-001
  5.2882501e-001
 -1.5903332e-001
  3.2403769e-001
  1.7112130e-001
 -2.0716976e-001
 -2.5692016e-001
 -6.8639885e-001
 -1.8938003e+000
 -1.3818839e+000
 -1.5671400e+000
 -2.7144886e+000
 -2.3283920e+000
 -3.0012903e+000
 -2.9205565e+000
 -2.5199264e+000
 -2.2210218e+000
 -2.3131152e+000
 -2.3481964e+000
 -2.2550330e+000
 -1.7905255e+000
 -1.8174909e+000
 -1.8246297e+000
 -2.3386003e+000
 -1.7120305e+000
 -1.3932634e+000
 -1.8645496e+000
 -2.5959882e+000
 -3.2404462e+000
 -3.0915162e+000
 -2.9907585e+000
 -2.6808066e+000
 -3.3048587e+000
 -2.9320863e+000
 -3.0099797e+000
 -3.0155384e+000
 -2.6603850e+000
 -3.1316952e+000
 -2.5190338e+000
 -2.4094717e+000
 -2.4180624e+000
 -1.2909341e+000
 -1.0550616e+000
 -8.4989160e-001
 -1.0238293e-001
  6.8383909e-001
  7.0883753e-001
  9.4691987e-001
  1.1268797e+000
  7.4884458e-001
  1.6547502e+000
  1.5580436e+000
  2.1675860e+000
  2.9533424e+000
  3.6343170e+000
  2.1170339e+000
  2.7878325e+000
  3.4590456e+000
  4.3559155e+000
  2.5313442e+000
  3.3330217e+000
  3.2145210e+000
  3.7401972e+000
  3.1021111e+000
  2.5527372e+000
  2.0231476e+000
  2.0804799e+000
  2.6643349e+000
  2.1752659e+000
  1.5089001e+000
  7.5068475e-001
  1.7098942e+000
  7.8343663e-001
  1.0590748e+000
  9.5910942e-001
  1.0130667e+000
  5.6056392e-001
  1.3822927e+000
  5.8318255e-001
  9.0481969e-001
  5.4781266e-001
 -9.8963160e-002
  1.6041207e-001
  2.2987306e-001
  4.8617560e-001
 -2.4402496e-001
 -1.1582330e-002
  3.3453607e-001
 -5.1485428e-001
 -5.5335461e-001
 -5.6987557e-001
 -1.6446528e-002
 -3.6260162e-002
 -6.1580561e-001
 -1.0054289e+000
 -1.0099750e-001
  3.0751074e-001
 -4.0816817e-001
 -2.8933244e-001
  4.1684918e-001
  5.3558292e-001
  7.3553504e-001
  3.8591297e-001
  9.8568823e-001
  7.3756028e-001
  5.8336035e-001
  1.2530793e+000
  1.5765471e+000
  4.7657844e-001
  2.4375396e-001
 -1.0134995e-001
 -3.4338122e-001
 -8.6661678e-001
 -3.3632751e-001
 -1.7683903e-001
 -6.2682101e-001
 -3.6388080e-001
 -4.4303459e-001
 -4.7976810e-001
  2.1914587e-002
 -1.1951525e+000
  3.4095727e-001
  6.3415934e-001
 -2.3261785e-002
  6.3948249e-001
  1.2563291e-001
  2.8797151e-001
  3.0878831e-001
  4.7016396e-001
  1.0267719e-001
  1.0105372e+000
  1.8296827e+000
  1.0122702e+000
  1.1260895e+000
  1.5435620e+000
  1.6135269e+000
  1.0199679e+000
  1.0795163e+000
  2.0372036e+000
  1.6556872e+000
  1.4510270e+000
  2.4692137e+000
  2.2670126e+000
  2.1633100e+000
  2.0957146e+000
  1.5933551e+000
  1.8452701e+000
  1.7797118e+000
  1.5846310e+000
  1.2416855e+000
  1.4247103e+000
  1.2309206e+000
  6.8616950e-001
  1.0392619e+000
  5.3161218e-002
  1.2682088e-001
  7.8370694e-002
  1.9536732e-001
 -3.6466755e-001
 -2.5472232e-001
 -6.4018424e-001
 -1.2037336e+000
 -1.4897740e+000
 -1.4926914e+000
 -2.2079104e+000
 -2.0686298e+000
 -2.6965662e+000
 -1.8280697e+000
 -3.0340059e+000
 -2.9347865e+000
 -3.1153621e+000
 -2.5180619e+000
 -3.3609268e+000
 -2.6436370e+000
 -3.5514213e+000
 -2.7291225e+000
 -3.1142452e+000
 -2.1380329e+000
 -3.0025448e+000
 -2.7073733e+000
 -2.8218800e+000
 -2.9623930e+000
 -2.9936192e+000
 -2.8175823e+000
 -1.9857481e+000
 -2.4005998e+000
 -1.9397066e+000
 -1.8914590e+000
 -1.6272846e+000
 -1.7477142e+000
 -1.4310544e+000
 -1.1293319e+000
 -1.0813323e+000
 -9.5111118e-001
 -1.2501852e+000
 -3.1724068e-001
 -2.2994969e-001
 -1.1459711e+000
  1.1164392e-001
  2.5075694e-002
  2.5676829e-001
 -4.8619781e-001
  2.7604891e-001
  6.6331812e-001
 -2.8582451e-001
  8.1250815e-002
  7.8211981e-001
  4.4729001e-001
  6.6151619e-001
  1.9313913e-001
  7.7263091e-001
 -1.5310819e-001
  1.1812834e-001
  2.6664704e-001
  5.8912100e-001
  4.0077486e-001
  6.1847686e-001
  4.8346465e-001
  1.8926926e+000
  4.8711634e-001
  7.5986492e-001
  1.3961495e+000
  1.2589244e+000
  1.6226431e+000
  2.0930738e+000
  2.2020811e+000
  1.4640704e+000
  1.6332296e+000
  2.0056177e+000
  2.2927814e+000
  2.1617569e+000
  2.4999443e+000
  2.8019864e+000
  1.7844743e+000
  2.4728745e+000
  2.0608410e+000
  2.4836657e+000
  2.0434386e+000
  1.7854136e+000
  1.2769017e+000
  1.6381072e+000
  1.1090596e+000
  7.6564258e-001
  8.6642538e-001
  1.0528424e+000
 -1.6630097e-001
  5.1793491e-001
 -6.0328252e-001
 -4.8483008e-001
 -7.0214919e-001
 -3.4313752e-001
 -5.3256554e-001
  1.6748400e-002
 -3.7239003e-001
 -4.7733347e-001
 -5.2420657e-001
 -2.8467900e-001
 -1.0776594e+000
 -1.4442051e-001
 -8.6052982e-001
 -9.1477086e-001
 -5.0712199e-001
 -5.9768313e-001
 -9.2873060e-001
 -5.5977549e-001
 -4.3687272e-001
 -6.7362691e-001
 -6.1209496e-001
 -9.3977257e-001
 -8.3766171e-001
 -6.9246905e-001
 -1.1388350e+000
 -3.9924366e-001
 -9.4120225e-001
 -3.2450918e-001
 -2.5558603e-001
  1.8968579e-001
 -6.0261958e-001
 -2.8333625e-001
  3.8321060e-001
  4.2298372e-001
 -4.0940498e-001
  4.2542702e-001
  6.7640495e-001
  6.6098723e-001
  6.0480467e-001
  2.2439428e-001
 -1.2409638e-001
  1.8620674e-001
  3.9719068e-001
 -4.0000056e-001
  3.1127944e-001
 -3.3874528e-002
  1.7466261e-001
 -6.5943879e-001
 -3.9954328e-001
 -8.9456984e-001
 -8.0504369e-001
 -1.3699900e+000
 -5.8008467e-002
 -1.2920494e+000
 -1.4853707e+000
 -6.9030696e-001
 -8.9689919e-001
 -5.2777794e-002
 -6.6045195e-001
 -8.9060732e-002
  6.2869445e-001
 -5.9620384e-001
 -8.2938010e-001
 -1.3092343e-001
 -5.9523595e-001
 -1.3113158e+000
 -3.8172548e-001
 -7.8519637e-001
 -1.4203547e+000
 -1.0930440e+000
 -1.6502001e+000
 -1.4495900e+000
 -2.1353297e+000
 -1.0923584e+000
 -1.3696286e+000
 -6.8682023e-001
 -8.1995346e-001
 -8.8590756e-001
 -8.8278739e-001
  4.9847018e-003
 -6.8067950e-001
 -3.6238365e-001
  2.3635622e-001
  5.4038012e-001
  1.4001500e-001
  2.2618587e-001
  4.7237936e-001
  5.3130190e-001
  7.0925603e-001
  6.1026465e-001
  6.7719553e-001
  6.0892397e-001
  2.0426286e-001
 -5.1760190e-001
 -1.1580546e-001
 -4.3476160e-001
 -6.6034421e-001
 -1.4419789e+000
 -1.6545825e+000
 -1.4587876e+000
 -8.0977097e-001
 -1.0943079e+000
 -5.6161303e-001
 -7.6768851e-001
 -9.1843374e-002
 -1.1018068e-001
  4.7698566e-001
 -2.3095870e-001
  9.6681721e-001
  5.4213211e-001
  2.3395168e-001
 -2.8680939e-001
  4.3200253e-001
  5.0899845e-001
  9.0297407e-002
  2.4486523e-001
  7.0120588e-001
  3.8802152e-001
  7.3401493e-001
  1.0023868e+000
  1.2981044e+000
  9.7804660e-001
  7.6543411e-001
  2.5134005e-001
 -9.3807431e-002
  6.6568707e-001
  9.1711758e-001
  8.2111571e-001
  8.1906650e-001
  7.1826433e-001
  8.9349182e-001
  1.7499044e+000
  1.6890656e+000
  1.6705288e+000
  1.8105109e+000
  1.8173236e+000
  2.7760795e+000
  2.2102120e+000
  1.4336409e+000
  2.1226035e+000
  7.7076911e-001
  1.0470287e+000
  7.1229551e-001
  3.8191755e-001
  5.3795044e-001
  4.7704415e-001
  7.2728609e-002
 -7.9406304e-001
 -1.2379783e+000
 -2.0320589e+000
 -1.1078957e+000
 -1.2714039e+000
 -2.1534026e+000
 -1.8121937e+000
 -1.4732113e+000
 -1.3063509e+000
 -1.0057882e+000
 -9.4039346e-001
 -3.5341983e-001
  1.0570013e+000
  1.5860511e+000
  1.4360606e+000
  1.8235655e+000
  1.8272076e+000
  2.2546437e+000
  2.3836660e+000
  2.4100368e+000
  2.2283507e+000
  2.0807012e+000
  9.0163089e-001
  9.6828405e-001
  7.0003332e-001
  1.3661990e+000
  5.3040649e-001
  6.0982287e-001
  3.8472972e-002
  3.4870426e-001
  4.3262779e-001
  8.1068513e-001
  5.0878108e-001
 -3.4552278e-001
  2.7140352e-001
 -4.7466606e-001
 -5.5118447e-001
 -2.8155756e-001
 -4.0153396e-001
 -8.2702925e-001
 -8.5506265e-001
 -1.2414710e+000
 -5.0385184e-001
 -1.2833601e-001
 -5.2164392e-001
 -3.1388952e-001
  1.2842151e-001
 -5.7417881e-001
 -4.6446851e-001
 -1.2064633e+000
 -2.2938633e-001
 -9.9012133e-001
 -5.0970202e-001
 -9.7796639e-001
 -9.9587451e-001
 -5.6664527e-001
 -1.4523241e+000
 -1.0054073e+000
 -1.4036522e+000
 -1.3132085e+000
 -1.9533002e+000
 -2.5024132e+000
 -1.7088212e+000
 -1.2799158e+000
 -1.3485616e+000
 -1.3242959e-001
 -1.2353738e+000
 -1.0293173e+000
 -5.5064374e-001
 -1.9915491e-001
 -2.1149914e-001
 -7.1189535e-001
  3.7680320e-001
  2.5964227e-002
 -1.2872089e-001
 -5.9842225e-001
 -3.7730891e-002
  4.6913252e-001
  2.6996238e-001
 -5.5117648e-001
 -7.6260455e-001
 -3.2345466e-001
 -1.6540759e+000
 -1.9093047e+000
 -1.4041582e+000
 -1.0155400e+000
 -1.1814475e+000
 -1.4255137e+000
 -1.4900422e+000
 -1.2278832e+000
 -1.3132127e+000
 -6.6140619e-001
  4.1936023e-002
  9.3189221e-001
  7.2478893e-001
  6.3557727e-001
  1.1050400e+000
  1.5046229e+000
  9.8868627e-001
  1.2828935e+000
  1.0723117e+000
  7.7819593e-001
  3.4488284e-001
  9.3480468e-001
  2.1074369e-001
  1.0619805e-001
  7.3874839e-002
 -2.7993236e-001
  3.0159482e-001
 -5.3187433e-001
  2.1758937e-001
  6.2960772e-001
  6.6651490e-001
  1.2510579e+000
  1.3949649e+000
  1.9818613e+000
  1.9320478e+000
  2.7730609e+000
  2.7872794e+000
  2.8849334e+000
  3.3926329e+000
  3.6372263e+000
  3.3457689e+000
  3.5354868e+000
  2.7923199e+000
  3.4724464e+000
  2.5544801e+000
  2.7731825e+000
  2.9819375e+000
  2.8774332e+000
  1.8605276e+000
  1.6616104e+000
  9.5858998e-001
 -3.1869545e-002
  4.9546415e-001
  2.3947913e-001
 -7.5300930e-001
 -8.7255542e-001
 -1.2095957e+000
 -9.6547381e-001
 -1.4842731e+000
 -4.7094919e-001
 -4.1953888e-001
 -6.6723430e-001
 -6.4860906e-001
  3.5466793e-002
 -3.3672659e-001
  3.6428298e-002
  1.2854129e+000
  6.7717988e-001
  6.3764427e-001
  8.7441095e-001
  1.3003776e+000
  7.2800472e-001
  2.8952599e-001
  5.8149641e-001
 -1.5189495e-001
  3.7054629e-001
  4.8127111e-001
  2.7124798e-002
 -1.9938724e-001
 -1.2686872e+000
 -4.7517443e-001
 -3.8837754e-001
 -4.1509863e-001
 -9.3850979e-002
 -6.0685083e-001
 -1.2304245e+000
 -1.2298535e+000
 -1.5960260e+000
 -1.9384839e+000
 -1.8032645e+000
 -1.3199594e+000
 -1.3705412e+000
 -1.2986396e+000
 -1.0277808e+000
 -1.2225686e+000
 -1.2813855e+000
 -7.6095725e-001
 -7.6674736e-002
 -3.5782016e-001
  1.0132947e-001
 -6.8797128e-001
 -8.4844533e-001
 -2.5238342e-001
 -7.4577017e-001
 -7.8848794e-001
 -1.0317446e+000
 -1.0235010e+000
 -5.0138297e-001
 -6.9506486e-001
 -7.3324285e-001
 -3.4852835e-001
 -9.0211407e-001
  6.4459580e-002
  3.4219907e-002
 -2.3786255e-001
  6.6125865e-001
 -3.5741698e-002
  8.4157086e-001
  6.1141928e-001
  1.0936451e+000
  1.1017586e+000
  8.6047094e-001
  1.4070164e+000
  1.2543935e+000
  6.5294615e-001
  1.2824196e+000
  1.2576251e-001
  1.0911656e+000
  7.8384528e-001
  9.1406283e-001
  1.7460081e-001
  1.8427843e-001
 -1.2827468e-001
  1.0803319e-001
  6.8775847e-001
 -7.3465576e-001
 -1.0468787e-001
 -2.2899795e-001
 -2.0155648e-001
 -1.4744403e-001
  3.2760914e-001
 -4.0074362e-001
  1.1037700e-001
 -8.5927490e-002
 -1.2577904e-001
  7.3433301e-002
 -1.5690439e-001
 -8.0803934e-001
 -1.4458493e-001
 -1.5368980e+000
 -1.0196787e+000
 -8.8990683e-001
 -1.5924964e+000
 -1.5357046e+000
 -1.5399220e+000
 -2.0329887e+000
 -2.4512098e+000
 -2.2942450e+000
 -2.6022500e+000
 -2.2870490e+000
 -2.7031576e+000
 -2.4322276e+000
 -2.2526992e+000
 -2.1902183e+000
 -1.6554502e+000
 -2.2452578e+000
 -1.0306464e+000
 -3.7590015e-001
 -3.9594088e-001
 -1.1441895e-001
 -5.3746054e-001
 -1.0953464e+000
 -4.3480701e-001
 -9.9373310e-002
 -7.2619832e-001
  5.9645351e-001
 -3.9619604e-001
 -1.0744416e+000
 -7.5149617e-001
 -9.5863562e-001
 -1.2484719e-001
 -6.9100071e-001
 -2.7137679e-001
 -1.0761539e+000
 -4.4370812e-001
 -3.4067384e-001
 -6.2595537e-001
  3.2731784e-001
  8.6851858e-001
  1.3722790e+000
  1.0957341e+000
  1.8627182e+000
  1.2350354e+000
  1.2833600e+000
  2.2793566e+000
  2.4312586e+000
  2.9764930e+000
  3.4513032e+000
  3.2736037e+000
  1.8708172e+000
  3.1465643e+000
  3.2673815e+000
  2.9248636e+000
  3.5440760e+000
  2.6808113e+000
  3.2528703e+000
  2.7198400e+000
  2.6846407e+000
  2.3790620e+000
  2.8321061e+000
  2.2296794e+000
  1.9866636e+000
  1.9025423e+000
  2.4079190e+000
  2.3212783e+000
  1.6298137e+000
  2.1821915e+000
  2.3527147e+000
  2.1744804e+000
  1.3601792e+000
  9.5804235e-001
  6.8057682e-001
  1.2765452e+000
  6.8337307e-001
  4.6175390e-001
 -1.1592143e-001
  1.1926860e-001
 -3.3036402e-001
 -5.3207057e-001
 -1.0185210e+000
 -1.4425312e+000
 -1.1999920e+000
 -2.0140230e+000
 -2.1486608e+000
 -2.7188813e+000
 -2.0774849e+000
 -2.4066273e+000
 -3.1867671e+000
 -2.7819164e+000
 -3.4333038e+000
 -2.9200937e+000
 -3.0651515e+000
 -3.0111787e+000
 -3.4443477e+000
 -2.9557733e+000
 -3.1017495e+000
 -3.2552373e+000
 -2.4302015e+000
 -3.2090443e+000
 -3.0324958e+000
 -2.9804208e+000
 -2.7778396e+000
 -2.7337122e+000
 -3.0486039e+000
 -3.0972698e+000
 -2.5775547e+000
 -3.1714370e+000
 -2.8889120e+000
 -2.7979658e+000
 -2.6009766e+000
 -2.6626282e+000
 -2.7360711e+000
 -2.4702447e+000
 -2.4682841e+000
 -2.1385045e+000
 -2.0047151e+000
 -1.8951329e+000
 -1.4730724e+000
 -1.6188113e+000
 -6.9745147e-001
 -8.1867819e-001
  5.7161929e-002
  1.4223204e-003
  5.6324259e-001
  6.5677405e-001
  8.8377390e-001
  9.4338656e-001
  7.5208463e-001
 -1.4593080e-001
  8.9727273e-001
  8.8222165e-001
  6.8132691e-001
 -1.9366525e-001
  3.6048092e-001
  3.7802266e-001
  3.0231814e-001
  6.4768199e-001
  3.8841540e-001
  1.0820072e+000
  2.0782674e-001
  5.3459324e-001
  8.4753665e-001
  1.4880484e+000
  1.2285041e+000
  1.3636650e+000
  1.7415281e+000
  1.3178136e+000
  2.0987416e+000
  2.4733175e+000
  1.6226477e+000
  1.2666479e+000
  1.3841247e+000
  1.5583033e+000
  1.5333094e+000
  3.8656671e-001
  3.2818828e-001
  4.2085856e-001
 -1.1292765e-001
  1.7953653e-001
 -1.6473344e-001
 -2.9120056e-001
  4.3316118e-002
 -4.2754628e-001
 -2.7988913e-001
 -4.0609303e-001
 -6.5904511e-002
 -8.0281748e-002
 -2.8295807e-002
  5.4047646e-001
 -1.6300657e+000
 -4.4385336e-001
 -2.9435915e-003
 -1.0861772e-001
  1.9742444e-001
 -5.2644423e-003
 -4.4753483e-001
 -2.9704946e-002
 -9.1740302e-002
 -1.4540590e-001
  2.0866838e-001
 -2.3803583e-002
 -4.9726617e-001
  7.7032577e-001
 -5.3341722e-002
 -2.2751801e-001
  7.2347409e-002
  6.5892569e-001
 -3.2842894e-001
  1.2908370e-001
  1.6171053e-001
  1.3008992e+000
  1.1190144e+000
  1.6422856e+000
  1.0733305e+000
  2.3196440e+000
  1.9816687e+000
  2.0156284e+000
  2.0866278e+000
  1.8855015e+000
  2.1951006e+000
  2.1022022e+000
  1.8849445e+000
  1.8041137e+000
  2.5499563e+000
  2.3503628e+000
  2.3616895e+000
  2.0922496e+000
  1.8786429e+000
  2.7364685e+000
  2.0482728e+000
  2.1111827e+000
  2.8082574e+000
  1.5689103e+000
  2.8007784e+000
  2.5366926e+000
  1.7630492e+000
  1.4281074e+000
  1.3870692e+000
  1.3044360e+000
  1.8586672e+000
  6.4070958e-001
  9.4712162e-001
  1.1775490e+000
  8.4276366e-001
  1.0157104e+000
  2.6260043e-001
  6.8405880e-001
  9.4423470e-001
 -3.6866157e-002
 -3.6911776e-001
  7.5592280e-001
  1.0671159e+000
  2.3743194e-003
  7.0595157e-001
  6.1355279e-001
  1.8332827e-001
  4.1884749e-001
 -1.7327755e-001
 -2.6595870e-001
 -1.2136493e-001
 -4.7513234e-001
 -1.3178614e+000
 -1.7313566e+000
 -1.9822736e+000
 -1.2941289e+000
 -1.6235273e+000
 -1.6193862e+000
 -2.7812557e+000
 -3.1774098e+000
 -3.0396893e+000
 -3.0158787e+000
 -2.9107810e+000
 -2.0651837e+000
 -2.6613842e+000
 -2.4072467e+000
 -2.5553485e+000
 -2.4449793e+000
 -2.2507075e+000
 -1.3724475e+000
 -1.6844623e+000
 -2.2783694e+000
 -1.7044071e+000
 -2.5966165e+000
 -2.4876601e+000
 -2.2720871e+000
 -2.3069003e+000
 -2.4567062e+000
 -2.3138118e+000
 -2.1684085e+000
 -2.7851536e+000
 -2.3732924e+000
 -2.2500934e+000
 -1.3384067e+000
 -1.0183594e+000
 -1.1528393e+000
 -7.6637103e-001
 -1.0944401e+000
 -1.0270236e+000
  4.2183270e-002
  4.5809036e-001
  1.5917158e-002
  9.8900229e-001
  2.6767898e-001
  1.0630382e+000
  2.0952133e+000
  2.1499967e+000
  1.9224261e+000
  2.1516508e+000
  1.5385551e+000
  2.6537702e+000
  1.9794813e+000
  2.2273067e+000
  2.7493193e+000
  2.3276042e+000
  2.8682005e+000
  1.6260348e+000
  2.6307081e+000
  1.7036906e+000
  2.8597315e+000
  2.1494542e+000
  1.9971767e+000
  2.3521694e+000
  1.4662321e+000
  2.1139504e+000
  2.7842685e+000
  2.6005174e+000
  2.7520346e+000
  2.7864154e+000
  2.3877994e+000
  2.9779684e+000
  2.6904911e+000
  3.2230834e+000
  2.7054330e+000
  2.8299926e+000
  1.8009066e+000
  1.7586730e+000
  2.0116961e+000
  1.3989891e+000
  1.1709809e+000
  1.1992705e+000
  1.8680996e+000
  9.0188716e-001
  5.7455114e-001
  3.2310496e-001
  6.7034622e-001
  8.9904206e-001
  6.2580302e-001
  9.0291888e-001
  7.7281431e-001
  8.1360224e-001
  1.1887845e+000
  7.7247374e-001
  2.5965619e-001
  4.2795012e-001
 -3.7112544e-001
  8.3153278e-001
  1.1268189e+000
  1.3979064e+000
  9.8577882e-001
  7.7736934e-001
  8.0173738e-001
  1.6835546e+000
  8.7797655e-001
  8.9394900e-001
  6.9995418e-001
 -9.7695053e-002
 -5.8937696e-001
  3.4433168e-001
 -9.6659753e-001
 -1.4918609e+000
 -1.3870601e+000
 -8.6802180e-001
 -7.4596700e-001
 -1.3248599e+000
 -5.8411988e-001
 -6.0994400e-001
 -3.5504334e-001
 -3.4945432e-002
 -4.2914428e-001
  1.1751004e-001
 -3.3631028e-001
 -7.4840118e-001
 -3.1226009e-001
 -1.5090042e+000
 -8.7601471e-001
 -2.4103514e-001
 -2.4550569e-001
  2.7626364e-001
 -7.4811846e-001
 -2.1680783e-003
  2.1260682e-001
 -7.7838080e-001
  1.6375945e-001
 -7.2562388e-001
 -5.1801859e-001
 -6.6547979e-001
 -4.0486994e-001
 -8.6664977e-001
 -7.8203641e-001
 -1.5158635e+000
 -1.0739883e+000
 -6.3429081e-001
 -8.9244263e-001
 -4.7109943e-001
 -7.1630333e-001
 -8.0108543e-001
 -1.0935757e+000
 -9.7182331e-001
 -9.7732020e-001
 -2.4631927e-001
 -1.8627173e+000
 -7.0303960e-001
 -1.5806036e+000
 -9.2022202e-001
 -1.0911324e+000
 -1.9738525e+000
 -6.4001241e-001
 -2.3492509e+000
 -2.2987974e+000
 -2.3490588e+000
 -3.1170988e+000
 -2.2693945e+000
 -2.6258599e+000
 -2.1799420e+000
 -3.1361075e+000
 -3.2023868e+000
 -2.5357590e+000
 -2.0066144e+000
 -1.9434328e+000
 -2.0459437e+000
 -1.9881594e+000
 -2.0022040e+000
 -1.6999093e+000
 -1.2874354e+000
 -1.4384345e+000
 -1.1680229e+000
 -1.5812131e+000
 -1.7737342e+000
 -1.1589877e+000
 -3.2934815e-001
 -3.0111902e-001
 -5.4939187e-001
 -3.2114230e-001
 -7.2162072e-002
 -3.6278874e-001
 -4.9234324e-001
 -2.6502930e-001
  2.9327720e-001
  4.6913973e-002
  7.6886185e-002
 -4.2960034e-001
  3.2950727e-001
 -4.4703716e-001
 -4.2421741e-001
 -2.4356760e-002
 -4.1279594e-001
  2.7447133e-001
  4.6981773e-001
  3.1215930e-002
  8.8426539e-001
  1.7819153e+000
  1.2185915e+000
  2.4074597e+000
  1.5761358e+000
  1.9523286e+000
  2.0478095e+000
  2.2981145e+000
  1.7428742e+000
  1.8631480e+000
  1.7443474e+000
  1.9909773e+000
  7.0879470e-001
  1.5421867e+000
  9.6113036e-001
  1.2765766e+000
  7.0618058e-001
  5.9612358e-001
  6.6358229e-002
  1.8039525e+000
  6.3110053e-001
  1.7748394e+000
  1.1779583e+000
  1.2221699e+000
  1.7016556e+000
  1.4117984e+000
  1.4270210e+000
  1.3187917e+000
  2.2057990e+000
  1.5090203e+000
  6.8456511e-001
  1.8158206e+000
  1.5077763e+000
  1.0538456e+000
  1.5128266e+000
  1.0894705e+000
  2.9238900e-001
  6.3338844e-001
  3.5821933e-001
  9.0286195e-002
 -4.3447949e-001
 -4.8305513e-002
 -4.8285132e-001
 -1.0157423e+000
 -6.2975747e-001
 -1.2652437e+000
 -1.3751293e+000
 -1.0004948e+000
 -1.9788941e+000
 -1.3619871e+000
 -1.4665891e+000
 -9.3085868e-001
 -5.9752702e-001
 -8.9847499e-001
 -1.3153093e+000
 -6.0566501e-001
 -5.9709039e-001
 -1.0133246e+000
 -1.2689668e+000
 -2.8040990e-001
 -1.0247810e+000
 -7.6329825e-001
 -9.0765931e-001
 -7.3530399e-001
 -6.0544498e-001
 -9.2522405e-001
 -1.1383991e+000
 -5.1896083e-001
  8.8502537e-002
 -7.9819050e-001
 -8.7634422e-001
 -4.7164032e-001
 -6.0065806e-001
 -1.6042028e+000
 -7.7802339e-001
 -1.1011666e+000
 -9.8329837e-001
 -1.1184118e+000
 -6.7292769e-001
 -1.3039120e+000
 -4.4056200e-001
 -3.8912281e-001
 -6.0368205e-002
 -2.9625287e-001
  3.8766603e-001
 -2.5702026e-001
 -6.3023191e-001
  1.2454123e-001
 -4.6690097e-001
 -1.5264193e+000
 -1.9411217e-001
 -1.1951843e+000
 -1.8033913e+000
 -1.0757825e+000
 -2.2768777e+000
 -2.2695174e+000
 -1.5914417e+000
 -2.4128879e+000
 -2.3034396e+000
 -2.5061512e+000
 -2.9706548e+000
 -2.5722339e+000
 -1.3211517e+000
 -1.9001356e+000
 -1.5048587e+000
 -1.0682209e+000
 -1.7127489e+000
 -1.0280539e+000
 -8.3311090e-001
 -5.3446943e-001
 -3.1375617e-001
 -6.6685620e-001
 -6.5181302e-001
 -1.0655084e+000
 -8.7208938e-001
  6.6471435e-003
 -5.0180015e-001
 -5.2310774e-001
 -1.4413686e+000
 -1.1770756e+000
 -1.3723443e+000
 -4.2958131e-001
 -8.6232847e-001
 -5.7818013e-001
 -4.2575345e-001
 -7.3539631e-001
  1.1682709e-001
  9.0573679e-002
  4.0735075e-001
  9.0081025e-001
  4.7186438e-001
  1.3285984e+000
 -7.6951218e-002
  1.1895953e+000
  4.1183882e-001
  7.9928007e-001
  4.8647699e-001
  1.5361648e+000
  1.0202330e+000
  1.4128766e+000
  1.5234074e+000
  9.9628077e-001
  1.3843743e+000
  2.4679477e+000
  1.1456105e+000
  2.0170614e+000
  1.4855369e+000
  2.1452829e+000
  2.0377523e+000
  2.1962881e+000
  2.0722772e+000
  1.2584390e+000
  1.7234734e+000
  1.9168178e+000
  2.1154135e+000
  1.9354179e+000
  1.9479244e+000
  2.1520636e+000
  2.1002653e+000
  2.5657050e+000
  1.8753536e+000
  3.3180718e+000
  2.8634303e+000
  2.5906977e+000
  3.9460012e+000
  3.3377162e+000
  3.5871237e+000
  3.1437423e+000
  2.0920410e+000
  2.0748366e+000
  1.6938581e+000
  1.3706619e+000
  1.1729659e+000
  8.7753506e-001
  2.6207117e-001
  3.7492125e-001
 -2.0929551e-001
 -7.4946341e-001
 -1.1969049e+000
 -1.1845440e+000
 -1.8016907e+000
 -9.2314411e-001
 -9.3105247e-001
 -1.0578917e+000
 -5.0097381e-001
 -3.4255197e-001
 -1.2700222e+000
 -9.2784268e-001
 -1.1315529e+000
 -1.0490260e+000
 -1.0493276e+000
 -9.5561164e-001
 -1.3112711e+000
 -1.1274639e+000
 -1.5131582e+000
 -1.5754503e+000
 -2.1159219e+000
 -1.4358071e+000
 -1.7634441e+000
 -2.0912131e+000
 -1.9130614e+000
 -2.4814010e+000
 -1.8219614e+000
 -1.8220302e+000
 -2.0095605e+000
 -2.1181079e+000
 -1.7813030e+000
 -2.2057580e+000
 -1.9519348e+000
 -1.5730601e+000
 -9.2122588e-001
 -6.5885204e-001
 -4.3849574e-001
 -6.2302014e-001
 -1.0542786e+000
 -1.1212530e+000
 -7.1157230e-001
 -1.2013301e+000
 -6.3942333e-001
 -7.9126942e-001
 -2.7338550e-001
 -5.4868478e-001
 -5.7362036e-001
 -5.8263028e-001
  1.1189755e-001
 -5.7242603e-002
  7.9747886e-002
 -3.8332740e-001
 -4.7504452e-001
 -9.8566788e-001
 -1.0758836e+000
 -1.5859076e-001
 -4.2217422e-001
 -6.0627630e-001
  2.3953291e-003
 -2.7055755e-001
 -2.2616868e-002
 -2.7572821e-001
  4.0705909e-001
 -4.9255174e-001
  2.4401506e-001
 -3.8422385e-002
  7.0527022e-001
  5.3950569e-001
  1.0451941e+000
  7.5913993e-001
  2.8278874e-001
  4.4363617e-001
  5.7178910e-001
  4.7798658e-001
 -3.1440161e-001
  3.7832399e-001
  6.4084269e-001
  1.2628293e-001
  8.7735571e-002
 -1.1517881e+000
 -2.2777432e-001
 -6.5782770e-001
  1.7566065e-001
 -2.9544733e-001
 -8.7986258e-002
 -2.4404586e-001
  3.7814411e-001
 -2.8537517e-001
  3.2993170e-001
  2.1479034e-001
 -1.9497464e-001
  8.6506371e-002
 -7.7317507e-001
  6.7626273e-001
 -9.8665679e-002
 -4.4401426e-001
  2.4661696e-001
  2.7231291e-001
  3.1889049e-001
  7.0702613e-001
  1.7754878e-001
  1.0235988e+000
  5.8854402e-001
  5.4795797e-001
  6.7763576e-001
  1.3730428e-001
  5.1975867e-001
  4.9489265e-001
  1.5318019e-001
  8.1190663e-001
  1.1118685e+000
  5.8127114e-001
  7.8588379e-001
  1.5466173e+000
  1.3520457e+000
  1.3116902e+000
  1.4033855e+000
  1.3758708e+000
  2.2964568e+000
  1.6701510e+000
  2.5272849e+000
  2.4951826e+000
  2.2146576e+000
  2.5132466e+000
  2.6303099e+000
  2.5861699e+000
  3.2061877e+000
  3.2605412e+000
  2.7088972e+000
  2.8673555e+000
  3.0412706e+000
  3.0628783e+000
  2.1862981e+000
  1.8015714e+000
  1.7939040e+000
  2.9086282e+000
  1.7478385e+000
  1.2771533e+000
  1.2893947e+000
  1.4776134e+000
  1.4214074e+000
  5.4626811e-001
  1.1257065e+000
  6.1822800e-001
  1.4763911e+000
  7.8026730e-001
  6.1727738e-001
  6.5641228e-001
  8.6751483e-001
  7.1971124e-001
  8.5780505e-001
  4.2279618e-001
  8.9009199e-001
  1.0582942e+000
  4.2237984e-001
  2.0020557e-002
 -4.2979853e-001
 -3.1683747e-001
 -5.6494524e-002
 -6.9490322e-001
 -6.1656107e-001
 -1.6665770e+000
 -2.4703953e+000
 -1.2075200e+000
 -1.5851272e+000
 -2.3191737e+000
 -1.9823997e+000
 -2.0572297e+000
 -1.5112174e+000
 -1.6399905e+000
 -2.2498915e+000
 -2.2687052e+000
 -2.1231326e+000
 -2.7762437e+000
 -1.4997644e+000
 -2.3754220e+000
 -1.7027681e+000
 -1.6260934e+000
 -1.7627286e+000
 -2.3074045e+000
 -2.3436105e+000
 -2.7732037e+000
 -1.8614308e+000
 -2.1586404e+000
 -2.2690645e+000
 -2.0794911e+000
 -2.4648146e+000
 -2.6757867e+000
 -2.0235724e+000
 -2.1109974e+000
 -2.8090913e+000
 -2.4875399e+000
 -1.6447270e+000
 -1.8206867e+000
 -1.4873590e+000
 -1.4062026e+000
 -4.6508041e-001
 -9.4894803e-001
 -8.5185325e-001
 -9.9597811e-001
 -6.2333376e-001
  3.5268685e-001
  6.5824965e-002
 -5.5168730e-001
  6.0160500e-001
  4.8363460e-001
  6.3778530e-001
  5.2327300e-001
  5.3980169e-001
  5.8680046e-001
  9.3302986e-001
  7.8968446e-001
  3.8923432e-001
  4.0652537e-001
 -4.6958426e-001
 -6.0918861e-002
  9.2125088e-002
  4.8909819e-001
  6.3166648e-001
  2.8551476e-001
  9.4033296e-002
  5.3431484e-001
  1.0215871e+000
  5.4722100e-001
  6.9415324e-001
  7.7142985e-001
  1.2674229e+000
  1.2337022e+000
  3.7866381e-001
  5.9835175e-001
  1.2363455e+000
  1.1802460e+000
  6.6965996e-001
  3.6662506e-001
  1.3637498e-001
  8.0684337e-001
  2.2087370e-001
  3.4131284e-003
 -6.4490131e-001
  2.3152219e-002
 -1.0291685e+000
 -8.9466517e-002
 -1.5932485e+000
 -4.5953917e-001
 -1.0147002e+000
 -2.4399256e-001
 -8.2975024e-002
 -4.0907722e-001
  3.8711091e-001
  8.3983529e-002
 -7.5424792e-002
  7.3091693e-001
  1.5369470e-001
  5.4686977e-001
  1.2440809e+000
  1.3926508e+000
  6.5326862e-001
  1.2949035e+000
  3.4847159e-001
  1.2715337e+000
  2.4620715e-001
  5.5315568e-001
  9.2891133e-001
  3.0175841e-001
  5.7538885e-002
  2.7370820e-001
 -7.8461331e-001
 -6.5856467e-001
 -1.1501563e-001
 -6.9627571e-001
 -1.3018287e+000
 -7.2667391e-001
  1.0279325e-001
 -5.4482690e-001
  4.2538976e-001
  6.0077599e-001
 -2.8774952e-001
  1.1723028e+000
  6.2548320e-001
  1.0046015e+000
  8.6827694e-001
  9.8268528e-001
  1.5752083e+000
  1.3133561e+000
  6.5744800e-001
  1.3568173e+000
  1.0750480e+000
  1.5267897e+000
  2.0019016e+000
  9.2005694e-001
  6.3901741e-001
  2.0247540e-001
  2.9185011e-001
 -4.1223898e-001
 -3.4519981e-001
 -1.6373096e+000
 -4.9184517e-001
 -7.8143560e-001
 -1.0691354e+000
 -7.6127145e-001
 -2.2446855e-001
 -1.1705087e+000
 -9.0242630e-001
  7.1729421e-001
 -5.1001614e-004
  8.2357815e-002
 -4.3129773e-001
  4.5919562e-001
  9.7226314e-001
 -5.8732455e-001
  2.0897236e-001
 -9.6952433e-002
 -1.0390179e+000
 -9.0082502e-001
 -9.9693515e-001
 -6.9163544e-001
 -2.1910935e+000
 -2.5125483e+000
 -2.0119374e+000
 -3.0972803e+000
 -3.6891211e+000
 -3.0116748e+000
 -3.4586108e+000
 -3.4439305e+000
 -2.5302268e+000
 -3.6396585e+000
 -3.0055162e+000
 -3.7114727e+000
 -2.2650114e+000
 -1.8173586e+000
 -2.0661381e+000
 -1.9650382e+000
 -1.2529122e+000
 -1.4042941e+000
 -8.3744655e-001
 -1.4836909e+000
 -1.4503547e+000
 -1.5777585e+000
 -8.8354979e-001
 -9.7198960e-001
 -9.3512301e-001
 -8.6502601e-001
 -8.8795911e-001
 -1.3908270e+000
 -1.1306206e+000
 -1.2174780e+000
 -1.3163248e+000
 -8.3961749e-001
 -8.3125273e-001
 -8.8324861e-001
 -1.9972526e+000
 -8.5343066e-001
 -4.9513969e-001
  4.5993264e-001
  4.0857411e-001
  8.1733815e-001
  7.3954631e-001
  1.7895201e+000
  1.8554258e+000
  1.3836799e+000
  1.9655548e+000
  1.7360903e+000
  1.3462902e+000
  1.5512541e+000
  1.5864061e+000
  2.0163063e+000
  1.6268436e+000
  7.5196175e-001
  1.6173354e+000
  1.4993665e+000
  1.3835512e+000
  1.1600867e+000
  1.7027793e+000
  6.1382627e-001
  6.2887935e-001
  5.6463866e-001
  1.0765667e+000
  6.8419448e-001
  1.4805549e+000
  1.5648578e+000
  1.3092084e+000
  2.0065018e+000
  2.1473955e+000
  1.9610788e+000
  2.1430911e+000
  2.7812777e+000
  3.2313217e+000
  2.4080195e+000
  1.8553494e+000
  1.4502529e+000
  1.8701993e+000
  1.6084966e+000
  1.6794887e+000
  1.1639007e+000
  7.7624648e-001
  8.7824458e-001
  6.2256297e-001
  1.1399605e-001
  7.4567835e-001
  3.1454129e-001
  6.6068439e-002
 -1.3094514e-001
  7.1415237e-002
  1.4971122e-001
  1.0644831e-001
 -1.1837423e-001
  4.3339752e-001
 -5.4487480e-002
 -5.7962532e-002
  2.7925253e-001
  3.1278258e-001
  8.1371532e-001
  1.4845483e-001
  8.7895746e-002
  5.9484105e-002
  4.9643219e-001
 -3.8584540e-001
  5.6887610e-002
 -1.2580439e-001
 -1.6094338e+000
 -1.2038004e+000
 -7.7015938e-001
 -5.2639759e-001
 -1.6279803e+000
 -1.2601848e+000
 -1.1571033e+000
 -1.2562958e+000
 -1.4757043e+000
 -1.1046479e+000
 -1.1213371e+000
 -1.2695508e+000
 -9.2204974e-001
 -5.0610334e-001
  1.1485199e+000
  4.7565960e-001
  1.1724941e+000
  1.1676858e+000
  1.0159136e+000
  1.0880002e+000
  1.3942692e+000
  1.1456775e+000
  9.0162102e-001
  6.1472629e-001
  3.7669856e-001
  1.0795623e+000
  5.2110269e-001
  2.1571441e-001
  6.4044719e-001
 -6.3831826e-001
 -1.8245422e-001
 -2.9663091e-001
 -1.2206446e+000
 -5.7903022e-001
 -5.1592809e-001
 -1.3406633e+000
 -1.0576470e+000
 -1.3755561e+000
 -1.3984519e+000
 -1.0641182e+000
 -8.6270400e-001
 -9.7277616e-001
  3.2715823e-002
 -8.6084084e-001
 -1.5052872e-002
 -1.1756130e+000
  1.4430506e-002
 -7.9597667e-001
 -6.4129478e-001
 -3.1704183e-001
 -2.6194596e-001
 -5.1824938e-001
 -4.6988159e-001
 -9.7692077e-001
 -1.2610298e+000
 -1.2435612e+000
 -1.7443242e+000
 -1.2801454e+000
 -1.6982685e+000
 -2.0036042e+000
 -1.3513196e+000
 -1.4964641e+000
 -4.5576104e-001
 -1.1462372e+000
 -5.0788813e-001
 -3.7620706e-002
 -1.1587989e+000
 -4.8455419e-001
  1.4133618e-001
  5.5569880e-001
  4.0141575e-001
 -2.8377971e-001
  5.8535376e-001
  1.0303051e+000
 -1.5666985e-001
 -2.8908211e-001
  3.3946562e-001
  1.1786438e+000
  7.2112722e-001
  8.6333386e-001
  5.8753784e-001
  3.2938080e-001
  1.6376913e-001
 -3.7565901e-002
 -1.0327345e-001
 -9.7647017e-001
 -6.8400941e-001
  4.2562582e-001
  5.3898173e-001
  3.7481127e-002
  3.1518939e-001
  5.5900787e-001
  1.1299737e+000
  8.2946357e-001
  8.6477583e-001
  1.6135997e+000
  1.6563954e+000
  2.2911140e+000
  2.0971164e+000
  2.9846048e+000
  2.3114567e+000
  2.7514896e+000
  2.2787290e+000
  2.1031438e+000
  1.5719579e+000
  2.3334308e+000
  1.9558239e+000
  2.1665409e+000
  2.3442484e+000
  2.5776744e+000
  2.1126861e+000
  1.4667544e+000
  1.6250792e+000
  1.9199628e+000
  2.1505295e+000
  1.9325040e+000
  2.3747812e+000
  2.4890910e+000
  2.1015114e+000
  1.7962057e+000
  1.3973140e+000
  2.0094776e+000
  1.1150924e+000
  1.8490804e+000
  1.6370887e+000
  1.1471725e+000
  1.1687951e+000
  8.3939180e-001
  4.8285970e-001
  4.6463722e-001
  3.9283382e-001
 -2.9787893e-001
 -7.0935036e-001
 -9.2909555e-001
 -1.2756200e+000
 -1.1348434e+000
 -1.2322281e+000
 -1.2681333e+000
 -2.0873333e+000
 -1.3226677e+000
 -1.8025420e+000
 -1.0284616e+000
 -8.7745703e-001
 -1.9279401e+000
 -1.2252195e+000
 -5.9442089e-001
 -7.8311645e-001
 -5.3556741e-001
 -1.1726763e+000
 -4.7205806e-001
 -1.2554646e-001
 -3.4504598e-001
 -4.1794132e-001
 -1.4194028e+000
 -7.2124191e-001
 -1.1727869e+000
 -9.0457058e-001
 -1.6744888e+000
 -1.1931748e+000
 -1.7268740e+000
 -1.5772562e+000
 -6.7134896e-001
 -1.9998141e+000
 -1.5152281e+000
 -1.8845162e+000
 -8.7916837e-001
 -1.3522546e+000
 -2.2915984e+000
 -9.1976046e-001
 -1.9541892e+000
 -1.9459640e+000
 -1.1781931e+000
 -8.4569577e-001
 -1.1719594e+000
 -1.6182658e+000
 -1.2763795e+000
 -9.3279973e-001
 -1.0381442e+000
  1.6521043e-001
  9.7110564e-002
 -7.0688969e-001
 -4.1377874e-001
 -1.3208554e+000
 -4.4915496e-001
 -1.9300498e-001
 -1.2196940e-001
 -1.7087162e+000
 -5.6608995e-001
 -1.5530815e+000
 -1.4776809e+000
 -5.6126178e-001
 -4.9182943e-001
 -1.0377633e+000
 -4.3521063e-001
 -4.8688355e-001
 -6.9039913e-001
  3.7255820e-001
 -2.5175181e-001
  2.7672423e-001
  6.2570329e-001
  7.9624960e-001
  6.7918352e-001
  7.0175710e-001
  4.4049886e-001
  1.7366639e-001
  8.1672062e-001
  3.0048867e-001
 -2.6452737e-001
  4.2379792e-001
 -6.2133816e-001
  1.4260327e-001
 -5.6896561e-001
 -1.3253890e+000
 -6.1590226e-001
 -1.0904562e+000
 -1.4240977e+000
 -1.7661909e+000
 -2.4349143e-001
 -3.0135252e-001
 -7.7523870e-001
 -4.1921629e-001
  3.7313370e-001
 -3.2808277e-001
  1.2937975e+000
  2.0922799e+000
  1.1451019e+000
  1.2275673e+000
  4.7576635e-001
  1.2166109e+000
  1.1972900e+000
  3.3120626e-001
  3.4240675e-001
  5.3231998e-001
 -7.6716766e-001
 -7.8438044e-001
 -6.9498802e-001
 -6.7897479e-001
 -7.1295606e-001
 -5.2718987e-001
 -4.6868714e-001
 -5.7680401e-001
  2.7625142e-001
  4.0973855e-001
  6.1029614e-001
  1.2088715e+000
  2.4957807e+000
  2.2251964e+000
  8.7265296e-001
  1.8850449e+000
  1.7702408e+000
  2.2751951e+000
  1.8055476e+000
  2.0579085e+000
  2.1580440e+000
  1.6770623e+000
  2.0176679e+000
  2.4159440e+000
  1.3464095e+000
  1.7677213e+000
  1.3315084e+000
  1.7708413e+000
  9.9421878e-001
  4.7249967e-001
  1.1583702e+000
  5.9246916e-001
  1.1388351e-001
  6.4404295e-001
  6.7622871e-001
 -2.8287495e-001
 -4.4167153e-001
  3.3619608e-003
 -6.2909628e-001
 -3.9911829e-001
 -9.3581295e-001
 -1.1629166e-001
  1.3753111e-001
 -1.8964415e-001
 -7.4684226e-001
 -2.3221641e-001
  1.2970023e-001
  8.7242066e-001
 -8.4108034e-002
  3.8336254e-001
  2.3336281e-001
  5.3294008e-001
 -2.1633435e-002
 -7.2276620e-001
 -5.2274945e-001
 -9.0087690e-002
  3.0754035e-002
 -1.5844955e+000
 -1.0716025e+000
 -1.3679212e+000
 -6.2399773e-001
 -9.9100041e-001
 -1.6126961e+000
 -8.0144346e-001
 -7.4178192e-001
 -7.7997561e-001
 -3.1270299e-002
 -1.3620785e+000
 -2.5420539e-001
 -1.1197507e+000
 -6.9380063e-001
 -7.1567964e-001
 -6.3700558e-001
 -1.0295731e+000
 -1.2278990e+000
 -1.1256108e+000
 -2.1765902e+000
 -1.2721875e+000
 -2.3665587e+000
 -1.7239126e+000
 -1.7237334e+000
 -2.1937990e+000
 -1.8215123e+000
 -2.4742738e+000
 -2.4321698e+000
 -1.6611623e+000
 -2.1546191e+000
 -1.6653545e+000
 -1.0557549e+000
 -9.1617419e-001
 -1.3266851e+000
 -4.0834246e-001
 -8.8550447e-001
 -5.6663688e-001
 -6.2967792e-001
 -4.0303194e-001
 -1.0318224e-001
 -1.9055826e-001
 -2.2355571e-001
 -7.2607372e-001
 -1.0153458e+000
 -6.9248470e-001
 -8.8179833e-002
 -5.8079920e-001
 -3.7784136e-001
 -3.8522392e-001
 -3.2331050e-002
 -3.6828956e-001
  7.4297056e-001
  1.0855481e+000
 -1.9425901e-001
  1.7292337e+000
  6.1949393e-001
  1.4486384e+000
  1.5616039e-001
  1.6336307e+000
  1.5715186e-001
  8.0382206e-001
  1.0149392e+000
  2.0686934e-001
  7.9693243e-001
  8.0997068e-001
  4.0879549e-001
  3.6576405e-001
  2.3932740e-001
  3.9287429e-001
  4.9674278e-001
  1.2053501e+000
  1.6698173e-001
  6.2219483e-001
  6.0859206e-001
  2.0046920e-001
 -3.0091961e-001
  5.3222351e-001
  1.5430028e-001
 -3.2063218e-001
 -8.8077249e-001
 -1.9103048e-001
 -1.4257477e+000
 -2.2434928e-001
 -1.5623918e+000
 -1.0839509e+000
 -8.8766082e-001
  1.8033528e-001
 -1.0572566e+000
 -3.8475147e-001
  1.3318744e+000
  7.4486893e-001
  1.4110434e+000
  1.7300941e+000
  2.8467516e+000
  2.3514009e+000
  2.8621400e+000
  3.1202083e+000
  2.8951576e+000
  3.0324603e+000
  2.7459605e+000
  2.2710840e+000
  1.5007391e+000
  2.0121860e+000
  1.3166471e+000
  1.6971338e+000
  8.0735622e-001
  8.2610459e-001
  9.4427965e-001
 -1.5690667e-001
  8.2287868e-001
 -7.8350682e-002
  1.2909605e+000
  5.8816164e-002
  1.7557676e-001
  3.8756148e-001
  2.7581164e-001
  5.2897349e-001
  7.4517513e-001
  4.1809840e-001
  1.4206310e+000
  7.0597855e-002
  9.4292103e-001
  1.1633531e+000
 -1.9094577e-002
  9.2597116e-001
  4.0604032e-001
  9.1640438e-001
  6.0468959e-001
  7.1759998e-001
  3.2611444e-001
  7.2148924e-002
  1.1157765e+000
  3.8192569e-001
 -9.8629867e-001
 -1.5034763e-002
  9.0137388e-002
 -3.8141857e-001
  2.7285531e-001
  1.3212057e-001
  1.0770793e+000
  7.9798435e-001
  9.4174669e-001
  9.4240430e-001
  9.7828216e-001
  1.2119272e+000
  5.8210573e-001
  1.2897946e+000
  1.7813390e+000
  9.5341935e-001
  1.9354655e+000
  1.5730868e+000
  1.1745358e+000
  1.2463693e+000
  1.1233475e+000
  1.3547932e+000
  1.4920903e-001
  1.2924227e-001
  4.8592939e-002
 -4.8443107e-001
 -3.5934960e-001
 -7.1882351e-001
 -8.4885755e-002
 -1.2523177e+000
 -1.4537773e+000
 -1.4301749e+000
 -1.3234996e+000
 -1.1709410e+000
 -1.9579630e+000
 -1.2467776e+000
 -1.3738893e+000
 -1.7240107e+000
 -8.5389918e-001
 -9.6165630e-001
 -2.3288975e-001
 -5.1641838e-001
 -1.1258270e+000
 -5.2388928e-001
 -7.3248853e-001
 -9.8577491e-001
 -2.1451297e-001
 -4.4769212e-001
  1.8887341e-001
 -8.1133087e-001
 -7.3462503e-001
 -1.6574508e-001
 -3.2561912e-001
 -6.3220945e-001
  3.4727977e-001
 -8.3214183e-002
 -2.5872424e-002
 -6.2956785e-001
 -2.2842729e-001
  7.0027900e-002
  9.0238587e-001
 -5.3697181e-001
 -3.6466143e-001
 -9.4223286e-002
 -1.1892614e-001
 -6.9777445e-002
 -8.3168435e-001
  5.5924575e-001
 -7.0511217e-001
  2.3944754e-001
 -4.3752426e-001
  4.1331242e-001
 -1.1743579e+000
 -8.3169457e-001
 -9.2651735e-001
 -6.0151238e-001
 -5.2072874e-001
  2.8943438e-002
 -4.2019963e-001
 -5.1938743e-001
 -4.7344489e-001
 -1.1811836e+000
 -5.0654012e-001
  2.5254589e-001
 -1.6467776e-001
  8.9478356e-001
  1.3944771e-001
 -4.1939514e-001
 -2.9854061e-001
  1.1205569e+000
  9.6200482e-001
  6.1707375e-002
 -1.8805144e-001
  6.0060531e-001
  1.7907803e+000
  1.2367467e+000
  1.2456963e+000
  1.6763178e+000
  1.1728631e+000
  2.2209543e+000
  1.5819578e+000
  1.7793455e+000
  1.3984655e+000
  1.9291378e+000
  2.1518981e+000
  1.6299401e+000
  9.9940094e-001
  1.1965675e+000
  1.6783005e+000
  1.3914547e+000
  1.9755849e+000
  8.6934749e-001
  1.6066521e+000
  1.3227606e+000
  1.4902184e+000
  3.7676754e-001
  5.9540285e-001
  1.2623453e+000
  4.7446298e-001
  1.2966130e+000
  7.5147912e-001
  1.0578779e+000
  1.3069002e+000
  7.8344998e-001
  1.6940775e-001
  1.2667741e-001
  8.9869600e-001
  5.8386057e-001
  5.7191721e-002
  3.3006170e-001
 -3.3495261e-001
  3.6608928e-001
 -5.6587098e-001
 -6.3875524e-001
  8.9526821e-001
  3.4187386e-001
  7.1467554e-001
 -1.8805277e-001
 -1.6556422e-001
  3.7722814e-001
 -3.3774752e-001
 -6.9134009e-001
 -6.4221362e-001
 -2.2154471e-001
  2.0765902e-001
 -3.1862338e-001
 -3.1079094e-001
  3.1140860e-002
 -1.0166989e+000
  1.3498595e-001
  3.7578993e-001
 -1.5186134e-001
 -4.7275018e-001
  6.2691956e-001
  3.0621459e-001
 -3.8074482e-002
 -3.5900074e-001
 -3.4888453e-001
 -7.8379264e-001
 -5.3311080e-001
 -1.2085880e+000
 -1.0544378e+000
 -1.4720084e+000
 -1.0499047e+000
 -1.1803493e+000
 -7.0048666e-001
 -1.6886074e+000
 -2.5075244e+000
 -1.6764533e+000
 -1.8553517e+000
 -1.8600520e+000
 -2.9823361e+000
 -3.0445730e+000
 -2.1411178e+000
 -2.2358042e+000
 -1.9621217e+000
 -3.3165323e+000
 -2.2397828e+000
 -3.1341838e+000
 -2.4110696e+000
 -2.3402557e+000
 -2.2144704e+000
 -1.3209006e+000
 -1.5393416e+000
 -1.5432500e+000
 -1.2176464e+000
 -1.5533564e+000
 -2.1034319e+000
 -1.2567617e+000
 -1.3537948e+000
 -3.4689911e-001
 -9.5492800e-001
 -1.3494946e+000
 -1.4600007e+000
 -7.3257371e-001
 -1.1237109e+000
 -8.7915947e-001
 -1.5703319e+000
 -1.1450774e+000
 -1.0177986e+000
 -1.7305263e+000
 -8.2932973e-001
 -2.2286190e+000
 -9.0180728e-001
 -1.0651531e+000
 -1.2941959e+000
 -8.5137829e-001
 -1.3633883e+000
 -1.8586760e+000
 -8.5458187e-001
 -1.4469098e+000
 -1.1900637e+000
 -7.6180398e-001
 -8.0881120e-001
 -5.7391303e-001
 -2.7662124e-001
 -8.6627949e-002
 -7.9299709e-001
 -1.0601238e+000
 -3.4624070e-001
 -5.5176109e-001
 -9.0456949e-001
 -3.6110241e-001
 -8.4924989e-001
 -6.4583280e-001
 -2.7566683e-001
  4.6675754e-001
 -5.7232599e-001
  8.8254343e-001
 -7.7227169e-001
  3.2576441e-001
 -9.8252165e-001
  1.0496190e+000
  8.8292928e-001
  1.2529694e+000
  4.7235601e-001
  1.2355354e+000
  1.0426435e+000
  7.4409808e-001
  1.5047796e+000
  9.3039906e-001
  8.4424737e-001
  1.0018707e+000
  1.1113056e+000
  4.1033781e-001
  4.6968310e-001
  1.2894209e+000
  3.4146893e-001
  5.4697657e-001
  4.8394171e-001
  1.2383044e+000
  9.5630208e-001
  5.0291802e-001
  5.6398707e-001
  3.4901682e-001
  6.7809107e-001
  6.6234984e-001
  1.3514176e+000
  5.2687939e-001
  3.3889499e-001
  5.5602676e-001
 -1.8957574e-001
  9.1812500e-001
  1.2601114e+000
  4.3413486e-001
 -1.6973727e-001
  5.4612339e-001
  8.8537440e-001
  8.4248936e-002
  2.6231817e-001
 -2.4739525e-001
 -1.0632249e-001
  1.8014438e-001
 -6.2089592e-002
 -1.6256401e-001
 -5.5022255e-002
 -3.6107099e-001
 -9.2322325e-002
 -3.9697948e-001
 -3.9182436e-002
 -5.4631541e-001
  9.0291054e-001
 -4.2424603e-001
  6.0492689e-001
 -6.2837507e-002
 -3.9293456e-001
 -6.2983992e-002
  2.4554960e-001
  3.0932103e-001
 -8.0887955e-002
 -2.8587118e-001
  9.4743362e-001
  1.7666818e-001
  2.4964241e-001
 -7.1651249e-001
 -5.7218665e-001
 -6.9261039e-001
  9.3074346e-002
 -7.3885661e-001
  1.1807916e-001
 -1.0550208e+000
 -5.9361709e-001
 -4.7350907e-001
 -1.6858417e-002
 -1.2996077e+000
 -9.5290577e-001
 -1.3752095e+000
 -1.0703510e+000
 -1.5543045e+000
 -1.1769556e+000
 -1.6332003e+000
 -1.4409011e+000
 -1.0397651e+000
 -1.4617717e+000
 -1.6225368e+000
 -8.6824698e-001
 -9.3454785e-001
 -1.9705057e+000
 -6.1678144e-001
 -7.3250934e-001
 -5.6995285e-001
 -8.5893601e-001
 -1.1853379e+000
 -1.1470521e+000
 -8.4249210e-001
 -1.3125932e+000
 -5.5862801e-001
 -5.0984340e-001
 -8.0865705e-001
 -5.9235900e-001
 -2.0659998e-001
 -9.5892306e-001
 -7.3431678e-001
 -5.6302126e-001
 -8.7301370e-001
 -7.9670884e-001
  2.7804325e-001
  3.1622073e-001
 -2.4410617e-001
 -8.3855650e-001
 -1.0172002e+000
  1.9477317e-001
  2.2263133e-001
 -2.7260134e-001
  5.2283781e-001
 -1.9922474e-001
  5.4666661e-002
 -1.1265033e-001
 -7.8741464e-001
 -8.6552758e-001
 -6.0779194e-001
 -5.2161608e-001
 -8.9963609e-001
 -3.5883025e-001
 -7.4014105e-001
 -1.4899387e-001
 -1.7321173e-001
  2.9783115e-001
 -4.3578313e-001
 -2.1292860e-001
  5.3434298e-001
  6.9637400e-001
 -3.4572690e-001
  6.8159036e-001
  9.8546051e-001
  1.4540670e+000
  1.1267436e+000
  1.5616853e+000
  1.0800424e+000
  1.0950290e+000
  1.4530276e+000
  1.4250541e+000
  1.2381983e+000
  1.5837004e+000
  1.9673934e+000
  1.5983225e+000
  1.2471423e+000
  9.5974350e-001
  9.4551996e-001
  1.6540053e+000
  1.4620663e+000
  1.9814948e+000
  1.6711832e+000
  1.5588819e+000
  1.2755984e+000
  2.1934348e+000
  2.7086685e+000
  2.5915525e+000
  1.6890586e+000
  1.7295542e+000
  1.4401539e+000
  1.8202349e+000
  1.1986800e+000
  1.2529401e+000
  1.9927763e+000
  2.0414417e+000
  1.5676696e+000
  1.6867838e+000
  1.9409358e+000
  1.4081920e+000
  1.4540363e+000
  1.7839864e+000
  1.6098720e+000
  1.4212866e+000
  1.2991340e+000
  1.1605028e+000
  6.1489026e-001
  1.5890647e+000
  1.7087428e+000
  1.4511334e+000
  1.3387484e+000
  9.7341133e-001
  9.1663805e-001
  1.3166535e+000
  6.7462430e-001
  8.1415095e-001
  1.6247030e+000
  1.3611417e+000
  1.2967726e+000
  9.9314038e-001
  4.9011570e-001
  1.1919734e-001
  3.8558529e-001
 -1.1845906e-001
  6.5058069e-001
 -1.4918292e-001
  5.5560554e-001
 -4.6781031e-001
 -5.0149081e-002
 -4.5818184e-001
  1.8851115e-002
  1.3942697e-002
 -7.3787196e-001
 -5.2992172e-001
  1.6746108e-003
 -6.5917434e-001
 -1.6314376e-001
 -3.6860786e-001
 -1.1093531e+000
 -6.0169395e-001
 -8.0809936e-001
 -7.8085708e-002
 -6.1109302e-001
  1.7396048e-002
 -7.6480752e-001
 -3.6390472e-001
 -5.3567815e-001
 -1.2876409e+000
 -4.2252242e-001
 -1.1777786e+000
 -3.1847604e-001
 -5.6062999e-001
  5.6441598e-002
 -1.3021082e+000
 -7.8657227e-001
 -1.2799085e+000
 -2.0537174e-001
 -9.0042921e-001
 -1.0586859e+000
 -7.4161047e-001
 -9.7464003e-001
 -2.4082493e-001
 -9.5566303e-001
 -6.9691218e-001
 -4.8153691e-001
 -4.8027825e-001
 -7.9102435e-001
 -4.9231458e-001
 -3.2118201e-001
 -9.7742919e-001
 -9.0143587e-001
 -5.5862220e-001
 -2.3042424e-001
 -7.1453288e-001
 -3.3826768e-002
  1.5436895e-001
 -1.2156329e+000
  5.5997455e-003
 -1.2116293e+000
 -7.9933329e-001
 -1.2799519e+000
 -1.0995844e-001
 -2.1601556e-001
  6.5797894e-002
 -4.3548690e-001
 -9.4879912e-001
 -7.4786366e-001
 -3.5321320e-001
 -4.4552830e-001
  3.6011418e-001
 -2.0333061e-001
 -6.3986349e-001
 -2.4742245e-001
 -7.8928626e-001
 -6.5415888e-001
 -2.7743292e-001
  1.0392771e-001
  5.5861353e-002
  6.0712703e-001
  7.1706122e-001
  1.1300412e-002
  6.1305555e-001
  3.5166307e-001
  1.0169631e+000
 -4.3949278e-004
  7.3831803e-001
  3.4810242e-001
  1.2922883e+000
  1.3324809e+000
  4.3778865e-001
  1.0188959e+000
  1.0931621e+000
  7.1619850e-001
  9.1654468e-001
  5.2154426e-001
  9.5332402e-001
  1.5312690e+000
  5.6564724e-001
  1.7185165e+000
  8.1684710e-001
  1.4161399e+000
  4.2175395e-001
  8.3202863e-001
  9.3676047e-001
  9.6290729e-001
  1.8427784e-001
  1.0992413e+000
  1.8983976e+000
  1.4117527e+000
  1.8047788e+000
  1.0839959e+000
  7.8668524e-001
  9.5162951e-001
  7.3849517e-001
  8.1578776e-001
  1.5581630e-001
  1.2479192e+000
  1.8059799e+000
  7.7059248e-001
  7.3033848e-001
  1.1574612e+000
  7.2458463e-001
  8.2998925e-001
  3.0750263e-001
  5.6418798e-001
  3.9005857e-001
  1.0356545e-001
  1.2583990e+000
  1.0175436e+000
 -2.5745338e-001
  5.2033742e-001
  6.7500157e-002
  5.0089063e-001
  4.8851472e-001
  1.1152227e+000
  7.0730634e-002
  5.3291043e-001
  6.6548765e-001
  3.4086834e-001
 -1.2503969e-003
  3.3148213e-001
  5.6335718e-001
 -3.6106207e-001
  1.5116918e-002
  3.3117610e-001
 -8.4231234e-001
 -5.0646547e-001
 -3.0772406e-001
 -5.3541236e-001
 -9.6800641e-001
 -1.2121501e+000
 -1.1577099e+000
 -3.6843088e-001
 -1.1885376e+000
 -1.7828528e+000
 -1.1733278e+000
 -6.5336908e-001
 -1.0142076e+000
 -1.1755112e+000
 -1.4108836e+000
 -1.6221297e+000
 -6.2042357e-001
 -1.3694380e+000
 -1.5033869e+000
 -1.2022081e+000
 -1.3740797e+000
 -1.6575718e+000
 -9.6363877e-001
 -1.3370220e+000
 -1.0971431e+000
 -1.9899192e+000
 -1.4784299e+000
 -1.1681812e+000
 -1.8090306e+000
 -1.0409364e+000
 -1.8654838e+000
 -1.9317841e+000
 -1.8828656e+000
 -1.8198385e+000
 -1.6056979e+000
 -1.7314271e+000
 -4.5527234e-001
 -1.7826087e+000
 -1.2781819e+000
 -1.0462965e+000
 -1.7207847e+000
 -1.7651926e+000
 -2.2478238e+000
 -1.2458457e+000
 -8.1583661e-001
 -3.5982639e-001
 -1.2172239e+000
 -9.4993425e-001
 -1.3946712e+000
 -1.1036117e+000
 -8.2868256e-001
 -1.4473523e+000
 -1.4816613e+000
 -1.9623118e+000
 -1.1904253e+000
 -6.4910112e-001
 -1.8140923e+000
 -7.7869349e-001
 -7.0619005e-001
 -1.0159536e+000
 -9.8378342e-001
 -8.1463821e-001
 -9.8871191e-001
 -5.7649299e-001
  2.9947804e-001
 -4.9744775e-001
 -2.1740977e-001
 -4.0904371e-001
  9.2641032e-002
  8.8907089e-001
  3.3076456e-001
 -3.8790418e-001
  2.2396553e-001
 -4.5171008e-002
  1.6627830e-001
  1.0589913e+000
 -1.0652615e-001
  1.0395828e+000
  6.1208843e-001
  3.2168470e-001
  6.4827157e-001
  9.4781313e-001
  8.7152656e-001
  4.2261770e-001
  7.2082389e-001
  7.6724298e-001
  2.6956218e-001
  2.6233104e-001
  1.2565983e+000
  5.0112839e-001
  4.1745892e-001
  8.0083258e-001
  6.3854011e-001
  1.0387321e+000
  1.2910019e+000
  1.7577638e+000
  6.1477929e-001
  8.1329421e-001
  8.6978980e-001
  1.4624371e+000
  4.2534912e-001
  2.4397399e-001
  5.3222961e-001
  7.4684858e-001
  7.7792615e-001
  3.9937319e-001
  8.9595800e-001
  3.4592478e-001
 -2.3486137e-001
  2.2904079e-001
  6.9546286e-001
  2.9116781e-001
  3.0610019e-001
  5.7393349e-001
  1.1556964e-001
  3.4496191e-001
  5.3267943e-001
  1.8434340e+000
  8.2401434e-001
  5.7835245e-001
  2.2542059e-001
  1.0646839e+000
  4.9475249e-001
  3.1682772e-001
  3.1423342e-001
  5.0944281e-001
  9.3575836e-001
  1.0744116e+000
  5.0659605e-001
  1.1339662e+000
 -3.2366148e-001
 -1.1804517e-001
  5.1581237e-001
  3.5169417e-001
  1.2957795e-001
 -3.6846251e-001
 -8.7856765e-002
 -4.6179627e-002
  4.7086921e-001
  5.1810757e-001
 -5.0484387e-001
 -4.7442211e-001
 -3.6164988e-001
 -4.0830592e-001
 -1.5307792e+000
 -9.7487590e-001
 -6.8422725e-001
 -1.3407813e+000
 -4.2492946e-001
 -7.5543185e-001
 -5.7799146e-001
 -8.7024274e-001
 -2.9126722e-001
 -7.0451790e-001
 -6.7275828e-001
 -1.6248558e+000
 -9.4653058e-001
 -1.1647635e+000
 -9.4986420e-001
 -1.4823968e+000
 -1.7828884e+000
 -1.0390050e+000
 -1.2130510e+000
 -9.4856248e-001
 -2.4468558e-001
 -1.2700101e+000
 -1.2690741e+000
 -7.2442575e-001
 -6.9777528e-001
 -6.5014331e-001
 -9.4613097e-001
 -8.4099659e-001
  4.2668261e-001
 -1.1939812e+000
 -1.2524643e+000
 -2.8182786e-001
 -8.7303352e-001
 -7.5891387e-001
 -6.1266274e-001
 -7.3593633e-001
 -8.6824737e-001
 -1.2974530e+000
 -1.6887231e+000
 -1.0697786e+000
 -1.0302658e+000
 -6.5336879e-001
 -8.0087344e-001
 -7.8100321e-001
 -1.3508285e-001
  1.8335854e-001
 -3.4022697e-001
 -1.4227755e+000
 -2.1015187e-001
 -7.4447936e-001
 -1.0693621e+000
 -3.4854224e-001
 -2.7122219e-001
 -2.5768979e-001
 -9.5563298e-001
  1.4818591e-001
 -2.3923092e-001
 -5.2169939e-001
  2.5308808e-001
 -4.3797933e-001
  2.0961697e-001
  3.4304452e-001
 -6.3472622e-001
 -6.0210307e-001
  2.9817851e-002
  7.6374827e-001
  1.1639358e+000
  5.9669325e-001
  6.8097301e-001
  7.6342233e-001
  6.5554283e-001
  7.2008044e-001
  7.2413135e-001
  1.5787805e+000
  3.1208089e-001
  1.2231074e+000
  1.1623544e+000
  1.2729550e+000
  9.0175782e-001
  1.2051156e+000
  1.6196530e+000
  1.2219763e+000
  8.6513814e-001
  3.4864396e-001
  1.4234242e+000
  1.7447887e+000
  1.2249786e+000
  1.1089817e+000
  1.5063202e+000
  1.8011023e+000
  1.2671280e+000
  2.9725303e-001
  1.4847155e+000
  1.3466597e+000
  1.1618471e+000
  9.6984432e-001
  1.1871685e+000
  1.5510562e+000
  1.0212394e+000
  1.7367332e+000
  1.6853355e+000
  1.2449567e+000
  1.3604942e+000
  1.3022152e+000
  1.4044295e+000
  6.4711629e-001
  9.7704948e-001
  1.4158294e+000
  4.9451200e-001
  8.8237850e-001
  1.4156337e+000
  1.0197242e+000
  8.8992728e-001
  1.3575818e+000
  1.3376670e-001
  1.2713122e+000
  4.1630598e-001
  1.1555695e+000
  6.5503742e-001
  9.5453823e-001
  5.5884042e-001
  1.1559024e+000
  3.8424510e-001
  1.0381590e-001
  5.9787933e-001
  2.9250344e-001
 -3.4629009e-002
  1.2362364e-002
  1.2152468e-001
  2.2802120e-001
  4.5350541e-001
  4.1348629e-001
  2.7070875e-001
 -5.3915427e-001
  5.0660225e-001
 -4.6502213e-002
  6.6150705e-003
 -5.2211431e-001
  3.8023220e-001
 -1.8511116e-002
  1.3138067e-001
 -5.5694518e-001
 -5.3006845e-001
 -3.0500834e-001
 -4.7481048e-001
 -1.1555658e+000
 -8.3041230e-001
 -9.2606862e-001
  3.7712408e-001
 -7.8242102e-001
 -1.1463877e+000
 -8.3647817e-001
 -3.4211495e-001
 -1.1466881e+000
 -1.2654872e+000
 -6.4172855e-001
 -1.2664844e+000
 -8.5356840e-001
 -4.6556100e-001
 -1.0828540e+000
 -4.3693534e-001
 -1.0901307e+000
 -1.5270611e+000
 -1.0943474e+000
 -7.0304922e-001
 -1.6358623e+000
 -1.1728874e+000
 -9.0507580e-001
 -8.4509546e-001
 -8.8433960e-001
 -8.1279981e-001
 -1.3248631e+000
 -1.4457079e+000
 -5.1029402e-001
  7.8089675e-002
 -5.3989872e-001
 -3.7217198e-001
 -8.7451489e-001
 -1.0048475e+000
 -6.5568678e-001
 -6.1637260e-001
 -1.0634011e+000
 -8.2709403e-001
 -3.2554555e-001
 -6.5088902e-001
 -7.2178890e-001
 -2.8842320e-001
 -5.8722945e-001
 -4.7704969e-001
 -8.3147018e-001
 -1.4336923e+000
 -1.1860080e+000
 -1.4603418e-001
 -1.2626618e-002
 -7.0302928e-002
 -9.4850384e-001
 -1.0521648e+000
  7.4481463e-001
 -3.0581380e-001
  1.2359430e+000
  2.2919497e-001
  9.0540832e-001
  2.6320613e-002
  2.6547733e-001
  2.4670941e-001
  1.7390687e-001
  7.9108012e-001
  2.8369125e-001
  2.9968308e-001
  7.7617200e-001
  4.2640580e-001
 -2.5773863e-001
  2.1899947e-001
  7.5848083e-001
  2.9007011e-001
  1.0005971e+000
  2.7705917e-001
  1.3782780e+000
  1.0940624e+000
  1.2889873e+000
  6.0850390e-001
  8.5989684e-001
  1.2991785e+000
  1.1387962e+000
  8.2457696e-001
  1.3574440e+000
  1.2348419e+000
  1.1229115e+000
  3.9892278e-001
  1.1074472e+000
  1.4067478e+000
  1.2503692e+000
  6.3470142e-001
  1.1174651e+000
  1.5241315e+000
  5.4699365e-001
  3.2971140e-001
  6.5950868e-001
  5.2113453e-001
  3.8533711e-001
  4.8140496e-001
  7.0781769e-001
  5.5136132e-001
  8.4540220e-001
  5.1656640e-001
  1.5436491e+000
  5.3568284e-001
  8.6642225e-001
  6.2113746e-003
  1.3027516e-001
  6.9829191e-001
  6.5675626e-001
  4.0078905e-001
  8.6828567e-001
  3.2584480e-001
  8.3907763e-002
  3.7284046e-001
 -9.3259295e-002
 -2.6455126e-001
  2.0251119e-001
  2.2230422e-001
 -2.6413341e-001
 -1.6292492e-001
 -1.1822378e-002
  5.8051896e-001
  4.1910587e-001
 -6.2209433e-002
 -6.5762677e-001
 -1.5463056e-001
 -4.5158766e-001
 -1.2988266e-001
  6.8068800e-002
 -2.9760255e-001
 -3.7508353e-001
 -8.2154829e-001
 -1.0542661e-001
 -2.3486854e-001
 -6.5851010e-001
 -1.1271869e+000
 -3.0458445e-001
 -1.1002732e+000
 -1.2161964e+000
 -5.4359870e-001
 -6.9859867e-001
 -1.0105409e+000
 -1.2582849e+000
 -1.1268048e+000
 -9.0521707e-001
 -1.2026953e+000
 -8.2953922e-001
 -1.4422237e+000
 -1.5064883e+000
 -2.5252689e+000
 -1.0434089e+000
 -6.6465285e-001
 -1.6414655e+000
 -1.0096716e+000
 -9.8426533e-001
 -1.1693019e+000
 -1.9655120e+000
 -8.5014758e-001
 -6.2479311e-001
 -1.2873861e+000
 -1.6066261e+000
 -4.9170887e-001
 -6.1590509e-001
 -9.1315590e-001
 -1.3621605e+000
 -9.4196862e-001
 -9.7141402e-001
 -1.5635254e+000
 -1.4292414e+000
 -2.3380141e+000
 -1.0313977e+000
 -6.2340548e-001
 -7.8933992e-001
 -1.2531874e+000
 -1.1858031e+000
 -3.0134092e-001
 -3.8721855e-001
 -2.3959780e-001
 -1.0450079e+000
 -6.0490422e-001
 -3.8607778e-001
 -5.0006135e-001
 -1.2529077e+000
 -7.3854829e-001
  6.9043290e-001
 -4.9780224e-001
 -7.2908594e-001
  3.4250374e-001
 -8.6710472e-001
 -8.5676560e-001
 -5.3923152e-001
 -1.9246490e-001
 -9.8951151e-001
 -8.1765188e-001
 -2.5777868e-001
  1.0868170e-002
 -7.2934820e-001
  2.4307068e-001
  2.7570660e-001
 -6.9560001e-001
 -1.4680515e-001
 -4.7690432e-001
  3.4409742e-001
  3.2146610e-001
  6.2097309e-001
  5.0782231e-001
  4.7400971e-001
  9.0971106e-001
  8.1125986e-001
  9.7319031e-001
  8.7693626e-001
  1.3472990e+000
  6.6282455e-001
  1.2736188e+000
  1.2197931e+000
  5.3250928e-001
  8.1395810e-001
  1.2597945e+000
  1.3078106e+000
  1.0094147e+000
  1.2274871e+000
  8.2399999e-001
  1.7579535e+000
  8.0992088e-001
  1.8489932e+000
  1.5444782e+000
  1.0607673e+000
  1.3265784e+000
  5.3797864e-001
  7.1880242e-001
  4.0945445e-001
  1.1355109e+000
  1.0616201e+000
  5.8942391e-001
  6.1986666e-001
  9.5859655e-001
  2.7588773e-001
  5.5741382e-001
  3.6994681e-001
  4.8807709e-001
  4.7358796e-001
  1.7883675e-001
  2.1861007e-001
  1.5403344e-001
  2.1571905e-001
  1.4584543e-001
  9.2474095e-002
 -9.0538411e-002
 -5.2001951e-001
  1.2101967e-001
  3.6876391e-001
 -4.8189304e-001
  7.2783510e-002
 -3.8330368e-002
 -3.6021633e-001
 -8.4468146e-001
  9.5747391e-002
 -6.0604799e-001
 -7.6409419e-001
 -1.5202762e-001
 -3.9358890e-001
 -8.4154286e-001
 -3.4388056e-001
 -1.2405939e+000
 -2.1822722e-001
 -4.4934256e-001
 -6.4956953e-001
 -9.5323859e-001
 -5.9066319e-001
 -3.7882686e-001
 -1.1266025e+000
 -3.9943384e-001
 -1.1052214e+000
 -7.0167100e-001
 -6.2173316e-001
 -1.2701795e+000
 -9.9722569e-001
 -1.0776360e+000
 -1.0270238e+000
 -1.4552198e+000
 -7.0173613e-001
 -1.5720253e+000
 -1.3747596e+000
 -1.1522713e+000
 -1.5419449e+000
 -9.4631879e-001
 -6.9873594e-001
 -9.9374590e-001
 -1.2181326e+000
 -8.0207210e-001
 -8.4904474e-001
 -1.1736196e+000
 -1.0597102e+000
 -3.7703141e-001
 -1.7863621e+000
 -1.5273023e+000
 -1.1017683e+000
 -8.8670739e-001
 -5.1476828e-001
 -2.8063485e-001
 -5.4215088e-001
 -1.0856927e+000
 -8.3365671e-001
 -1.3578937e-001
 -9.0425051e-001
 -1.9867174e-001
  1.7876075e-002
 -8.0992577e-001
  1.0773720e-001
 -2.3141466e-001
 -4.6867205e-001
  1.9134900e-001
 -4.9366518e-001
 -7.7707444e-001
 -5.1039258e-001
 -1.4820996e-001
 -8.3052769e-002
 -6.5446985e-001
 -5.9892992e-001
  5.8993094e-002
 -6.0956639e-002
 -9.1979766e-001
  2.0804349e-001
  1.4804245e-001
 -7.4365255e-001
  4.4399505e-001
  3.8957586e-001
 -1.9338795e-001
  1.2404472e-001
  6.7936424e-001
  5.8373237e-001
  7.0197267e-001
  9.0354612e-002
  3.8273288e-001
  4.6981787e-001
  9.4137018e-001
  1.0729139e+000
  1.0728276e+000
  6.1035403e-001
  7.5556887e-001
  2.7756122e-001
  8.5078102e-001
  6.5062244e-001
  1.3401009e+000
  7.8402152e-001
  1.0808089e+000
  6.8396842e-001
  5.5643268e-001
  1.3692920e+000
  8.4609948e-001
  1.4451988e+000
  7.5100836e-001
  9.8588192e-001
  1.2707085e+000
  1.4161567e+000
  1.3482824e+000
  5.8213812e-001
  3.7446844e-001
  1.8377432e+000
  9.3910014e-001
  9.7655754e-001
  9.8803415e-001
  1.2649303e+000
  1.6644620e+000
  1.5106306e+000
  1.8048674e+000
  1.4346527e+000
  2.0296178e+000
  1.9528073e+000
  1.4277544e+000
  1.1678756e+000
  1.2847673e+000
  1.2052170e+000
  1.4980097e+000
  1.5525846e+000
  1.5778834e+000
  1.3985999e+000
  2.0134883e+000
  1.2801234e+000
  1.4032164e+000
  7.6273195e-001
  1.8879757e+000
  1.2279616e+000
  1.0049173e+000
  8.7923648e-001
  7.5106402e-001
  1.4198966e+000
  4.2856389e-001
  1.1157974e+000
  3.1493290e-001
 -6.2928244e-004
 -1.2300118e-001
  9.8986143e-001
  7.8664676e-001
  4.9766838e-001
  6.0689224e-001
  4.2003178e-001
  1.0228053e+000
  3.9001914e-001
  4.6000062e-001
 -2.9448539e-001
  3.5654624e-001
 -6.7093605e-001
  3.9428870e-001
  2.0189570e-001
 -3.6989790e-001
  4.0573327e-002
 -8.1553592e-001
  3.6761427e-001
 -9.5316576e-001
 -2.0487058e-001
 -1.0070513e+000
 -1.0266138e-001
 -6.7169232e-001
 -3.4378073e-001
  2.3720598e-001
 -4.2144716e-001
 -1.4239233e+000
 -1.0280978e+000
 -1.0572555e+000
 -1.0749127e+000
 -6.8110164e-001
 -1.9843420e-001
 -3.1514858e-001
 -8.4870912e-001
 -1.6897094e+000
 -8.8880724e-001
 -1.0435582e+000
 -3.8223105e-001
 -6.7721867e-001
 -1.1094300e+000
 -6.0032881e-001
 -1.0779579e+000
 -1.9963976e-001
 -3.1971034e-001
 -4.7903247e-001
 -5.9412958e-001
 -5.7282296e-001
 -1.4393346e+000
 -7.9150729e-001
 -3.0508960e-001
 -8.3979690e-001
 -1.1501023e+000
 -3.2432111e-001
 -4.3601378e-001
 -1.0573527e+000
 -1.4030493e-001
 -7.0261975e-001
  7.8504509e-002
 -2.1723451e-001
 -2.9278074e-001
 -4.3017441e-001
 -1.1313923e-001
 -5.0427294e-001
 -5.8533428e-002
 -7.0796820e-001
 -8.2377586e-001
 -4.7142414e-001
 -3.6313218e-001
  1.1774316e-001
  1.1073255e-001
 -1.7617597e-001
 -8.4574301e-001
  3.0233930e-002
 -3.8234952e-003
 -4.6017590e-001
  4.2499248e-002
 -7.7835520e-002
  5.0869628e-002
 -2.1776763e-001
  3.0701900e-001
  4.9460237e-001
  7.9144398e-002
  5.5054233e-001
  9.6903794e-002
  2.8835137e-001
  2.1425898e+000
  1.3427897e+000
  3.1532140e-001
  8.0125196e-001
  7.0601520e-001
  1.5233134e-001
  6.9679153e-001
  7.0303253e-001
  3.4177741e-001
  7.8235151e-001
  3.3758659e-001
  1.8574160e+000
  1.0609248e+000
  6.9022653e-001
  5.6547634e-001
  1.3175566e+000
  3.9035009e-001
  1.3938874e+000
  7.4117693e-001
  1.0444089e+000
  5.5072820e-001
  5.2894182e-001
  7.6961464e-001
  4.0534701e-001
  7.7326716e-001
  6.6455044e-001
  9.9441426e-001
  1.4143240e+000
  7.0562192e-001
  1.1338054e+000
  7.8921982e-001
  3.3752076e-001
  8.2079279e-001
  2.6863609e-001
  1.2672574e+000
  1.8688240e-001
  9.4005819e-001
  7.5940500e-001
  7.3585999e-001
  1.2646563e+000
  9.8572189e-001
  1.2678894e+000
  8.0797443e-001
  4.9065462e-001
  1.8924664e-001
  6.6248996e-001
  1.7340623e-001
  4.5088157e-001
  1.5408030e-001
  6.3698988e-001
  6.2439697e-002
  1.0199254e+000
  7.8430408e-001
  1.8710760e-001
  8.6040328e-002
  1.7698318e-001
  2.3093856e-001
  2.6091213e-001
 -3.9405925e-001
  2.3340451e-001
 -2.8712517e-001
 -4.7713771e-001
 -8.9461827e-002
 -1.8236319e-001
 -2.6125580e-001
 -5.4230290e-001
 -6.6751550e-003
 -5.4296561e-001
 -9.5111816e-001
 -1.0494636e+000
 -1.3805682e+000
 -4.7840557e-001
 -4.3181994e-001
 -1.3919280e+000
 -1.1457424e+000
 -4.5860927e-001
 -1.0049976e+000
 -1.0680721e+000
 -1.8468938e-001
 -6.1558188e-001
 -1.1197439e+000
 -1.2812539e+000
 -1.6571634e+000
 -1.3232872e+000
 -1.1695118e+000
 -1.0728498e+000
 -1.4753160e+000
 -5.6547328e-001
 -1.5762760e+000
 -1.2819571e+000
 -1.5311918e+000
 -9.7685700e-001
 -1.0852531e+000
 -2.0330817e+000
 -6.6782613e-001
 -8.8173972e-001
 -9.9988468e-001
 -1.8362942e+000
 -8.6661356e-001
 -1.6233822e+000
 -1.7383611e+000
 -1.1796106e+000
 -1.3869230e+000
 -5.9559640e-001
 -6.4919983e-001
 -1.0868624e+000
 -3.2810689e-001
 -7.0884003e-001
 -9.4386029e-001
 -1.2389487e+000
 -9.0898057e-001
 -1.6116069e+000
 -5.3069487e-001
 -4.7433052e-001
 -8.9430501e-001
 -7.8863576e-001
 -1.0515850e+000
 -1.3683814e+000
 -3.9873376e-001
 -3.3524011e-001
 -4.3242056e-001
 -1.1065867e+000
 -3.6692811e-001
 -4.1685667e-001
 -1.1659048e+000
  2.7353829e-001
  6.5781165e-001
 -5.6960131e-002
 -1.7637646e-001
 -2.5582824e-001
 -6.8540854e-001
  1.3517726e-001
 -6.4594038e-001
 -1.3734674e-001
 -4.7605660e-001
 -5.0401145e-001
  1.7639183e-001
 -9.2224055e-002
 -2.4270057e-002
 -1.4595734e-001
  9.5230894e-001
  5.9995599e-001
  8.8116497e-003
  1.0455215e+000
  2.1206848e-001
  1.8212081e-002
  2.3672839e-001
  7.6534518e-001
  3.7267117e-001
  4.8624115e-001
  9.3214515e-001
  1.6923529e-001
  1.1008343e-001
  1.0802564e+000
  9.0696870e-001
  8.1876684e-003
  7.0625463e-001
  6.7866480e-001
  9.0406443e-001
  3.1587643e-001
  3.4573082e-001
  1.5500684e+000
  9.9851088e-001
  4.0274899e-001
  2.8535953e-001
  2.1984697e-001
  3.7855645e-001
 -1.0781132e-001
 -1.7449174e-001
  6.2274147e-001
 -2.1009288e-001
 -1.4320814e-001
  6.1356695e-001
  4.7838163e-002
  6.3375650e-001
  4.0596959e-001
 -5.3122432e-001
  5.0257787e-001
  5.2971391e-001
  6.4212511e-001
  7.9012662e-001
 -1.0174778e-001
  2.4781544e-002
 -2.6337035e-001
 -3.6057097e-001
  1.0574638e-001
 -4.1210659e-001
 -1.0543286e-001
 -2.0842591e-001
 -4.6281525e-003
  2.9428193e-001
 -1.1751120e+000
  2.2456998e-001
  2.5299465e-001
 -2.5631975e-001
  5.2113859e-001
 -7.5056914e-001
 -2.7765275e-001
 -4.3142405e-001
  1.3741785e-001
 -4.8212530e-001
 -1.1136437e+000
 -6.0372544e-001
  7.4394575e-002
 -4.2230659e-002
 -7.5848939e-002
 -8.3069068e-001
 -3.5558908e-001
 -8.9466564e-001
 -5.0831610e-001
  4.3797432e-001
 -9.2489447e-001
 -7.2814618e-002
 -3.4693201e-001
 -1.1107292e+000
 -1.4069143e+000
 -3.2840902e-001
 -1.1282488e+000
 -6.7693254e-001
 -5.7973688e-001
 -8.7528659e-001
 -9.3839761e-001
 -8.3116220e-001
 -1.0685229e+000
 -7.3821870e-001
 -1.5894710e-001
 -2.8345720e-001
 -5.9819536e-001
 -8.2217592e-001
 -7.5474105e-001
 -6.6656964e-001
 -1.0207942e+000
 -7.5582491e-001
 -1.2633083e+000
 -9.9181162e-001
 -9.4022378e-001
 -3.0228865e-001
 -1.0676770e+000
 -1.1136100e+000
 -3.4001692e-001
 -8.1512149e-001
 -3.6988646e-001
 -6.2726274e-001
 -5.7931644e-001
 -2.7956120e-001
 -7.9022805e-001
 -1.4838110e-001
 -7.8434731e-001
 -3.0062829e-001
  9.1472615e-003
 -4.0087703e-002
 -4.7604512e-001
 -6.7211362e-001
 -3.5074772e-001
 -1.8179916e-001
 -2.6454528e-001
  1.4716258e-001
  2.7381869e-001
 -7.3807759e-001
  8.1788673e-003
 -6.6247866e-001
  4.6143815e-001
 -4.1261449e-001
  4.7307329e-001
  9.7857972e-001
  5.9432856e-001
 -2.1300644e-002
  1.1691536e+000
  8.5342447e-001
  4.9465586e-001
  3.1626240e-001
  3.7731991e-001
  7.7284135e-001
  1.3623874e+000
  9.6792478e-001
  5.9872479e-001
  6.6745108e-001
  1.8475421e+000
  4.3918480e-001
  6.7650533e-001
  1.4158875e+000
  9.3747752e-001
  1.5194526e+000
  6.4653129e-001
  6.7791320e-001
  5.4311227e-001
  4.3296094e-001
  1.1839894e+000
  8.6256701e-001
  2.1145443e+000
  4.0917867e-001
  1.5256544e+000
  1.4688727e+000
  1.6415053e+000
  1.3004686e+000
  1.4059386e+000
  1.2525553e+000
  1.1656761e+000
  1.5286412e+000
  1.1155885e+000
  1.2724021e+000
  1.5030206e+000
  1.6816276e+000
  1.2854582e+000
  1.0373115e+000
  1.4829346e+000
  1.2351888e+000
  1.0605773e+000
  8.8378275e-001
  7.3439026e-001
  8.8785232e-001
  9.1333448e-001
  9.8950387e-001
  1.6180718e+000
  7.2570637e-001
  1.1549692e+000
  1.1884495e+000
  7.9119467e-001
  4.0366989e-001
  1.5134077e+000
  1.2142175e+000
  1.1254913e+000
  5.5402390e-001
  1.2976777e+000
  8.7744394e-001
  2.4525585e-001
  3.2169252e-001
  1.0304501e+000
 -2.1706207e-001
  3.7271695e-001
  9.5823397e-001
  2.8256879e-001
 -1.4174705e-001
  2.3267501e-001
  6.4289778e-001
  5.1472792e-001
  1.9971744e-001
  1.1064514e-001
  1.1482277e+000
  4.6433496e-001
 -1.9740347e-001
  2.2084781e-002
  1.9641771e-001
 -8.0911207e-001
 -1.0388534e-001
 -2.9137079e-001
 -7.1401850e-002
 -2.7215877e-001
  8.3649234e-001
  6.9602363e-002
 -1.3985779e-001
  1.9442210e-001
  1.0845414e-001
 -1.4432404e-001
 -4.8769534e-001
 -1.1158913e+000
  2.1568370e-001
 -8.6405950e-001
 -1.1175468e+000
 -5.3419067e-001
 -1.3356643e+000
 -1.0981755e+000
 -1.1386978e+000
 -2.8388553e-001
 -6.7119033e-001
 -3.7701674e-001
 -3.0309942e-001
 -6.5811439e-001
 -7.7125868e-001
  5.7955344e-001
 -1.3727639e-001
  1.2242167e-001
 -3.0198196e-001
 -4.3680071e-001
 -5.6331675e-001
 -1.3822756e+000
 -5.6491688e-001
 -2.8908677e-001
 -9.6362738e-001
 -4.4222554e-001
 -3.1910763e-001
 -4.9675924e-001
 -8.3414135e-001
 -2.3907280e-001
 -1.0274876e+000
 -9.6270825e-002
 -1.3681136e-001
 -5.7890909e-001
 -1.3739912e+000
 -2.2614995e-001
  2.6780095e-001
 -6.2996593e-001
  4.0668152e-001
 -1.8342744e-002
 -8.9588662e-001
  2.8668297e-001
  3.0133921e-001
 -9.2502491e-002
 -6.2474948e-001
 -3.0982530e-001
  5.5132275e-001
 -4.9079218e-001
 -1.8417258e-001
  4.9192244e-001
 -1.7354187e-001
  7.3096539e-001
  2.4764408e-001
  1.2075471e+000
  3.4727914e-001
  6.6791441e-001
  4.3816960e-001
  6.0734299e-001
  5.1188442e-001
  5.2770308e-001
  7.2886943e-001
  3.7517224e-001
  4.7483465e-001
  7.1026229e-001
  5.7098138e-001
  8.2453153e-001
  7.2088066e-001
  8.8670667e-001
  8.1106442e-001
  6.5585044e-001
  7.5985840e-001
  8.9759301e-001
  9.9243198e-001
  3.0852974e-001
  6.1560942e-001
  8.2166101e-001
  6.8602921e-001
  9.5691552e-001
  3.6600116e-001
  2.0231298e-001
  1.3926984e+000
  2.9463074e-001
  8.2546133e-001
  5.5412507e-001
  4.5435039e-001
  1.4684742e+000
  4.6554475e-001
  8.4911176e-001
  1.0676951e+000
  7.2917576e-001
  1.2660832e+000
  8.5514564e-001
  1.5080945e+000
  8.0363559e-001
  4.4104853e-001
  6.7882052e-001
  2.4008002e-001
  3.5632609e-001
  8.6369077e-001
  1.9757067e-001
 -1.8357312e-001
 -1.1404871e-002
  5.9333355e-001
  9.6895749e-001
  2.3619055e-001
  1.9331954e-001
  6.9664912e-001
  3.1638626e-001
 -2.0660948e-001
 -1.5799331e-002
 -5.5405657e-001
 -1.8843770e-001
  4.2345558e-001
  8.4631262e-002
 -8.6737026e-001
 -5.7716089e-001
 -5.9327313e-001
 -2.1660122e-001
 -8.2008029e-001
 -8.2897257e-002
 -2.3747775e-001
 -6.3974510e-001
 -9.0897090e-001
 -8.8706096e-001
 -9.3140627e-001
 -8.3105506e-001
 -7.5758140e-001
 -2.7274969e-001
 -4.0499428e-001
 -7.3750353e-001
 -1.0973632e+000
 -2.4374654e-001
 -8.1172744e-001
 -5.8922037e-001
 -5.2913786e-001
 -7.9153119e-001
 -1.5094906e+000
 -1.1311990e+000
 -1.0405121e+000
 -1.1045621e+000
 -1.1153854e+000
 -8.8402709e-001
 -1.6883194e+000
 -1.7844314e+000
 -9.6244634e-001
 -1.3317848e+000
 -3.8897655e-001
 -1.7915404e+000
 -1.7097552e+000
 -1.2303266e+000
 -1.7923431e+000
 -9.8361410e-001
 -1.4579530e+000
 -1.2541055e+000
 -1.7188730e+000
 -5.7534024e-001
 -9.9438428e-001
 -2.4892504e+000
 -1.1751220e+000
 -1.3740391e+000
 -9.6137151e-001
 -1.6148677e+000
 -6.6028884e-001
 -9.9049156e-001
 -9.3244049e-001
 -1.7210718e+000
 -8.5882318e-001
 -2.1867023e-001
 -4.3547188e-001
 -9.3319883e-001
 -8.5770651e-001
 -9.2173838e-001
 -4.6159378e-001
 -1.6042374e-001
 -3.7894088e-001
 -9.8996860e-001
 -2.2880991e-001
 -1.6703668e-001
 -8.8238876e-001
  7.6348617e-002
 -6.8324899e-001
  2.6962082e-001
 -3.7097447e-001
 -4.0607926e-001
 -8.4300440e-001
 -9.6934426e-001
  8.5541769e-002
 -2.2817868e-001
 -6.4230583e-001
  4.9152103e-001
  2.2659922e-001
 -5.0530876e-001
 -1.1313437e-002
 -5.4638430e-001
 -3.4930699e-002
  2.3887844e-001
  1.3990672e+000
  6.1673171e-001
  2.5303209e-001
  6.0258093e-001
  5.3233674e-001
  1.2981803e-001
 -9.0592775e-002
 -5.9822092e-001
  5.0864316e-001
  3.5147872e-001
  1.0088784e+000
 -1.5507254e-001
 -9.4918555e-002
  2.6036068e-001
 -4.5558550e-002
  2.0901310e-001
 -4.9482832e-001
  9.0940562e-001
  4.3650705e-001
  4.6291042e-001
  2.0742516e-001
  5.4141750e-001
  9.0337300e-001
  2.0734604e-001
  6.0903070e-001
  1.1414660e+000
  3.8575252e-001
  3.6973070e-001
  2.9891320e-001
  2.9258300e-001
  5.4647513e-001
  6.4647016e-001
  6.1968131e-002
  8.0486351e-001
  5.8247125e-001
 -1.1966748e-001
  8.3114706e-001
  7.5984542e-001
  5.9357930e-001
  6.7795865e-001
  7.9893990e-003
  2.3648586e-001
  2.0705476e-001
  6.8334832e-001
  4.4043236e-001
  2.9549832e-002
  8.6205081e-002
  3.8103668e-001
 -8.3226100e-001
  3.0916605e-001
  2.3593669e-001
  3.7476206e-001
  9.5525652e-001
  7.0728118e-002
 -3.0912383e-001
  1.2926217e-001
  1.3753769e-001
 -3.8761073e-001
  5.4148642e-001
 -1.0901421e+000
 -6.9585067e-001
 -6.3735631e-001
 -4.8506589e-001
 -1.6068673e-001
  2.5512781e-001
 -1.0022796e-001
 -5.0340996e-001
  5.0233429e-001
 -1.0412938e+000
 -6.1856567e-001
 -5.4192415e-001
 -5.4904157e-001
 -5.9715649e-001
 -1.1982706e+000
 -1.2880603e+000
 -1.5838734e+000
 -8.0304415e-001
 -8.6030426e-001
 -5.5635608e-001
 -1.2442659e+000
 -1.2720915e+000
 -7.7017706e-001
 -1.3781787e+000
 -4.7365876e-001
 -1.2064651e+000
 -9.8529135e-001
 -1.2532231e+000
 -1.4156115e+000
 -1.1343940e+000
 -1.4001483e+000
 -1.2312593e+000
 -1.1510712e+000
 -1.2019372e+000
 -1.1566999e+000
 -9.8283666e-001
 -7.3351952e-001
 -1.1002103e+000
 -1.0474551e+000
 -1.0494519e+000
 -1.1178193e+000
 -7.0185260e-001
 -8.5729647e-001
 -7.8260001e-001
 -1.0544536e+000
  7.8331711e-003
 -3.8333114e-001
 -4.3775790e-001
 -7.2711011e-001
 -4.8673249e-001
 -6.1535625e-001
 -3.0193034e-001
 -8.1108417e-001
 -9.8661390e-001
  8.5423589e-002
 -1.0521974e+000
  1.8961279e-001
 -2.7354095e-001
 -3.2811259e-001
  2.5938602e-001
 -3.9301397e-001
  2.6180082e-001
  3.7957423e-001
  5.1546374e-002
 -2.9134293e-001
  2.0944651e-001
  3.8186482e-001
 -1.1538267e-001
 -5.1732693e-001
  2.0486516e-001
  3.8771054e-001
  2.8261987e-001
  7.2893748e-001
  5.9378774e-001
 -2.2005976e-001
  1.3589112e-001
  6.1012942e-001
  1.0559522e+000
  2.0164005e-001
  7.1102689e-001
  6.1737828e-001
  9.5060809e-001
  9.2186710e-001
  1.0706242e+000
  8.8810737e-001
  3.9176215e-001
  1.0066043e-001
  5.7622709e-001
  1.0773252e+000
  1.4051089e+000
  1.3978868e+000
  1.0555692e+000
  8.9535874e-001
  4.9801926e-001
  9.5097603e-001
  8.6454156e-001
  1.9243300e+000
  4.4497703e-001
  6.8887294e-001
  2.2124596e-001
  7.3977469e-001
  1.4799839e+000
  6.3559831e-001
  1.9099237e+000
  8.9933764e-001
  5.6814663e-001
  6.6912573e-001
  5.6671321e-001
  4.5223481e-001
  7.7985609e-001
  1.3030054e+000
  1.2405847e+000
  9.4672655e-001
  1.1702038e-001
  1.0078058e+000
  1.0599692e+000
  1.3521280e+000
  1.2014794e+000
  4.8808968e-002
  5.1701588e-001
  1.2138426e+000
 -2.0771372e-001
  6.0927578e-001
  5.6582475e-001
  3.1075263e-001
  4.2126899e-001
  1.5299067e-001
  1.9518092e-001
  3.7659632e-002
  5.6056551e-001
  5.8304971e-001
  2.6295935e-001
  5.8504841e-001
  2.4257524e-001
  1.1419236e+000
  1.0865754e+000
  2.0110155e-001
  1.0524335e-001
  1.0872624e-001
  1.9784642e-001
 -7.4793694e-002
  5.9063967e-001
 -3.6295104e-001
 -3.5551558e-001
  1.3803444e-001
 -1.5416429e-001
  4.9027652e-002
 -1.3014159e-001
 -5.4609240e-001
 -2.8732908e-002
 -2.4048896e-001
  1.8611328e-002
 -5.5166093e-001
  4.5611009e-004
  2.5894463e-001
 -6.2568582e-001
  2.7195786e-001
 -2.4205876e-001
  1.1770456e-001
 -5.4966603e-001
  3.9041646e-001
 -2.6289715e-001
 -3.2413546e-001
 -1.0189097e+000
 -9.6864087e-002
 -8.8789379e-004
 -8.0348778e-001
 -8.4743045e-001
 -4.9427278e-001
  4.9809550e-002
 -2.8511587e-001
 -9.3194672e-001
 -1.2842293e-001
 -4.7337859e-001
 -7.5962713e-001
  1.2492040e-001
 -4.4589015e-001
 -4.2893876e-001
 -7.2689507e-001
  8.2077830e-002
 -6.3063202e-001
 -1.1477222e+000
 -6.0934615e-001
 -9.8990367e-001
 -4.4314807e-001
  4.0909419e-001
 -3.6166338e-001
  1.4897003e-002
  4.1142770e-001
 -1.4115536e-001
 -2.2295168e-001
 -2.1788180e-001
 -1.2565655e-001
  9.4822492e-001
 -2.9223403e-001
 -7.8226884e-001
  1.1891361e-001
  5.6218494e-001
  7.2405394e-003
 -1.6127563e-001
  5.3250879e-001
  5.6795682e-001
 -3.9341661e-001
  6.0467472e-001
  1.5922036e-001
  1.2349628e+000
  8.1858755e-001
  5.9731847e-001
  3.1971217e-001
  5.7758203e-001
  5.5826275e-002
  4.9955316e-001
  7.6642997e-001
  1.2891312e+000
  5.2111700e-001
  1.1484747e+000
  4.9061568e-001
  1.1319876e+000
  1.3308801e+000
  6.4028946e-001
  9.4753527e-001
  6.6811860e-001
  6.1862301e-001
  9.6399997e-001
  1.9357040e+000
  1.0988602e+000
  1.0372278e+000
  8.9797567e-001
  6.2116228e-001
  1.7479661e-001
  8.5846975e-001
  1.3406458e+000
  5.2019145e-001
  9.1990029e-001
  7.8259705e-001
  1.3820444e+000
  6.4565832e-001
  1.3577808e+000
  8.4379525e-001
  1.1975702e+000
  4.5102052e-001
  5.7943815e-001
  3.3339426e-001
  5.0528562e-001
  8.4989685e-001
  7.0759588e-001
  4.2050107e-001
  1.2766172e+000
  5.7788688e-001
  7.4939705e-001
  1.6214196e-001
  5.9613062e-001
  8.4121661e-001
  2.3708278e-001
  6.6803163e-001
  4.9105061e-001
  1.4801510e-001
  8.5068998e-001
  5.4023221e-001
  7.0581955e-002
  2.3860193e-001
  4.9117353e-001
 -4.2549264e-001
 -5.4600006e-003
  3.4932693e-001
  3.0630989e-001
  3.2184736e-001
 -1.8486288e-002
  3.0962357e-001
 -1.0645224e-001
  2.5113995e-001
 -5.3349522e-001
  7.1000546e-001
 -3.2480265e-001
 -3.2846909e-001
 -4.4554404e-001
 -6.1492580e-001
  2.3297600e-001
 -6.3837677e-001
 -3.8839158e-001
 -2.5483390e-001
 -6.1308158e-002
  4.5331005e-001
 -3.7737907e-001
 -9.4912591e-001
  5.9390086e-001
 -7.0378784e-001
 -7.8594203e-001
 -1.0240716e+000
 -1.4161481e+000
 -5.9128422e-001
 -6.9873844e-001
 -5.2595596e-002
 -1.0074742e+000
 -5.9493619e-001
 -1.3005498e-001
 -6.4793479e-001
 -7.8908706e-001
 -8.2016510e-001
 -9.6642566e-001
 -7.6209754e-001
 -1.0903500e+000
 -1.3511682e+000
 -1.0420305e+000
 -1.1237743e+000
 -6.2095035e-001
 -1.8918915e+000
 -1.5036643e+000
 -1.6306912e+000
 -1.0167465e+000
 -1.4158360e+000
 -1.1198540e+000
 -5.7296239e-001
 -9.6533619e-001
 -1.2998847e+000
 -1.6791784e+000
 -4.4878596e-001
 -1.4361213e+000
 -1.6158563e+000
 -6.3780916e-001
 -1.6792473e+000
 -1.5688834e+000
 -1.4678037e+000
 -1.1760243e+000
 -9.7397301e-001
 -1.4823178e+000
 -1.0271790e+000
 -1.4596300e+000
 -1.9213975e+000
 -9.8656521e-001
 -9.1931005e-001
 -3.2045010e-001
 -1.0406014e+000
 -4.0415246e-001
 -2.1683385e-001
 -1.1253511e+000
 -4.6672392e-001
 -4.4777804e-001
 -9.1226401e-001
 -5.0132837e-001
 -1.0424988e+000
 -4.4971097e-001
 -4.4468493e-001
  6.5679240e-002
 -3.0697503e-001
  2.6920683e-001
 -6.3553157e-001
 -1.4930568e+000
  5.0362911e-001
  2.4130578e-001
  3.4864338e-001
 -3.4936333e-001
 -5.1611314e-001
 -3.0670440e-001
 -4.1915037e-002
  1.2272365e-001
 -6.9246468e-002
  5.5851819e-001
  1.0276175e-002
  2.5570793e-001
 -6.2380202e-001
  4.0557421e-001
  3.9860504e-001
  1.1561458e-001
  5.3432763e-002
  2.0952783e-001
 -1.9652819e-001
  4.7256708e-001
 -7.6987944e-001
  7.2280313e-001
  6.2967661e-001
  4.0398903e-001
  6.5180539e-001
  2.4070364e-001
  3.5436568e-001
  9.2447988e-001
  2.7258335e-001
  7.0269869e-001
  2.6770678e-001
  1.6198374e-001
  7.3713650e-001
  9.4981492e-001
  8.9962299e-001
  1.2115751e-001
  1.3147176e+000
  6.4961945e-001
  7.1489656e-001
  5.7385745e-001
  2.1760160e-001
 -6.0684297e-002
  8.1553255e-001
  4.8712691e-001
  1.4047181e-001
  2.7552396e-001
 -4.1270185e-001
  7.3916250e-002
  4.2666633e-002
 -1.1599247e-001
  2.6045795e-001
 -2.4875541e-001
  3.2753657e-001
  2.4405147e-001
 -2.2950918e-001
 -3.5252354e-001
 -2.2148328e-001
  3.1698071e-001
  1.3065236e-001
  1.4345057e-001
 -4.9607320e-001
 -3.2170516e-001
 -1.7018074e+000
  2.6159734e-003
  2.7447098e-001
 -6.0915105e-001
 -7.9680855e-001
 -2.0377846e-001
 -9.3476694e-001
 -4.9588811e-001
 -2.0209376e-001
 -1.1224009e+000
 -5.6155401e-002
 -6.6302349e-001
 -6.1820767e-001
 -2.8087475e-001
 -1.0894270e+000
 -8.3713631e-001
 -3.6224235e-001
 -4.2959892e-001
 -3.9473860e-001
 -5.9256880e-001
 -6.4346488e-001
 -1.2060137e+000
 -4.4130405e-002
 -9.3432095e-001
 -9.3653856e-001
  1.0186760e-001
 -1.1093791e-001
 -1.2964524e+000
  1.7925138e-001
 -1.1371508e-001
 -1.2078779e+000
 -7.5302985e-001
 -9.4862338e-001
 -4.1966935e-001
 -1.0417731e+000
 -4.1088680e-001
 -5.1162734e-001
 -1.0412075e+000
 -6.3166684e-001
 -1.0281375e+000
 -1.2064146e+000
 -1.1453480e+000
 -4.9715149e-002
 -1.0070629e+000
 -3.4263921e-001
 -1.0058538e+000
 -7.5018926e-001
 -9.1993752e-001
 -5.1363848e-001
 -6.1204201e-001
 -5.5524589e-001
  3.4895075e-001
 -1.4260754e+000
 -6.6100727e-001
 -6.0179192e-001
 -9.2612343e-001
 -8.7811133e-001
 -4.6038926e-001
 -4.9759004e-001
 -8.7430499e-002
  7.7726671e-002
 -1.6550511e-001
 -6.2876236e-001
 -2.2399097e-002
 -8.0207638e-001
 -3.9355902e-001
  2.5711067e-001
 -5.0078994e-002
 -8.6674254e-001
 -1.8888520e-001
  7.8474223e-003
  1.6152216e-001
  1.0886647e-001
  4.6847952e-001
  2.0595907e-001
  4.1695545e-001
  1.2126561e+000
  7.2565012e-001
  1.1452273e-001
  2.1756156e-001
  1.9654480e-001
  4.7555142e-001
  8.4054196e-001
  1.0531358e+000
  2.1487845e-001
  3.4678748e-001
  2.9165790e-001
  1.2355854e+000
  1.2066846e+000
  7.6492941e-001
  5.7167623e-001
  3.0151922e-001
 -1.3986467e-001
  8.6269378e-001
  1.0824961e+000
  1.1420472e+000
  8.3579474e-001
  9.7485409e-001
  1.3677667e+000
  7.1291479e-001
  1.3804937e+000
  1.2389892e+000
  7.8503396e-001
  6.8907907e-001
  4.8596366e-001
  1.1453807e+000
  1.0217005e+000
  7.6231925e-001
  1.5200061e+000
  1.0687393e+000
  1.2593249e+000
  8.2400470e-001
  1.5237029e+000
  2.0092479e+000
  7.8982806e-001
  9.8300358e-001
  1.3555349e+000
  1.3000382e+000
  7.5617840e-002
  7.2417552e-001
  1.0989553e+000
  1.0899514e+000
  5.6704144e-001
  9.0862512e-001
  1.1034679e+000
  1.8236994e-001
  9.3124368e-001
  1.6867749e-001
 -7.0937941e-002
  1.9409171e-001
  8.2091030e-001
  8.0750916e-001
  6.6105563e-001
 -7.4268329e-001
  5.2164249e-001
  4.9190362e-001
  4.3704449e-001
  8.2532961e-001
  5.6026159e-001
  1.2058168e+000
  6.4947359e-001
  6.6227432e-002
  8.1003080e-001
  9.1503239e-001
  1.5426872e-001
  8.3485569e-001
  8.5958394e-001
 -4.3634401e-002
  7.6122936e-001
  1.3840649e-001
 -1.4620440e-002
 -5.0872170e-001
 -2.7796503e-001
 -7.2086997e-001
 -1.1073134e-001
  7.0934445e-001
 -1.3083981e-002
 -2.9815172e-001
  3.9299327e-002
  4.6200625e-002
 -9.1638248e-002
 -1.6430566e-001
 -6.4823432e-001
 -4.7608848e-001
  2.6104174e-001
 -2.6178472e-001
 -1.1638681e-001
 -2.6769262e-001
 -4.6414912e-001
 -1.2069741e-001
 -6.1232313e-001
 -7.9837733e-001
 -1.5373499e-002
 -4.0704186e-001
 -5.1639078e-001
  1.3244751e-001
  1.5435522e-001
 -5.5430557e-001
 -3.5450090e-001
 -7.7226208e-001
 -8.4495924e-001
 -4.6813902e-001
 -7.8145579e-001
  1.7823608e-001
 -1.4444188e+000
  1.9005593e-001
 -1.0171660e-001
  2.3967475e-001
  3.8188044e-001
  8.5141716e-001
  6.9405316e-002
 -5.8141879e-001
  3.6543893e-002
  6.4090259e-002
  7.0245564e-002
 -5.3159067e-002
  1.9188174e-001
 -2.9008709e-001
  9.0969779e-002
 -4.8741279e-002
  1.3441225e-001
 -3.2617743e-001
  1.1815814e-001
 -7.7783786e-002
 -2.2054076e-001
 -3.6789735e-001
  1.9749570e-001
 -1.6342136e-001
  7.8340973e-001
 -2.6389846e-001
  7.8021989e-001
  5.0692213e-001
  3.5248865e-001
  3.1443725e-001
  1.5717832e+000
  2.6085537e-001
  4.6252963e-001
  1.0032326e+000
  1.0797656e-001
  5.5196499e-001
  3.7765980e-001
  1.2409082e+000
  1.4710696e-001
  7.2144161e-001
  6.9627271e-001
  7.7479989e-001
  6.6646146e-001
  7.4633990e-001
  2.2380615e-001
  5.3113328e-001
 -7.5665877e-002
  4.8570123e-001
  8.5644877e-001
  6.9554171e-001
  2.9797486e-001
  1.0268957e+000
  3.0315510e-001
  7.7449930e-002
  1.1803064e+000
  3.3671334e-001
  5.9893923e-001
  1.1334397e+000
  1.7580717e-001
  6.5789278e-001
  6.0185678e-001
  6.4164945e-001
  7.2469311e-001
 -9.0419903e-001
  4.4849372e-001
  9.5240813e-001
  1.1271184e+000
  1.4837805e+000
  1.3620695e-001
  1.2191711e-001
  1.5544883e-001
  4.2814204e-001
  1.1264464e+000
  7.3220729e-001
  7.3258253e-001
  5.3693729e-001
  5.0042223e-001
  1.1270286e-001
  5.6767571e-001
 -1.3367143e-001
  7.5918417e-001
 -8.1489930e-002
 -1.9239224e-001
 -2.6453310e-001
 -1.8295518e-001
  2.2895513e-002
  8.3941421e-002
 -2.0423059e-001
 -5.9819627e-001
 -4.1850130e-001
 -5.4432827e-001
  3.4731063e-001
 -4.6310451e-001
  4.4272583e-001
 -1.5918002e-001
 -2.2855123e-001
  1.0215708e-001
 -4.1688020e-001
 -3.2286218e-001
  2.5194820e-001
 -5.8955490e-001
  1.2903345e-001
  1.5060230e-001
 -8.8592183e-001
  3.2711392e-001
  3.9684770e-002
 -1.5014535e-001
 -5.7686082e-001
 -5.4437362e-001
 -3.5071038e-001
 -3.8290769e-001
  3.5054729e-001
 -9.1684451e-001
 -7.5145596e-001
 -3.3963705e-001
 -4.5479372e-001
 -1.1048832e+000
 -9.3710558e-001
 -6.7194105e-001
 -2.5974588e-001
 -6.7050520e-001
  1.1640649e-001
 -9.3591650e-001
 -7.9663258e-001
 -1.0279335e+000
 -1.0971326e+000
 -6.3116412e-001
 -9.2834392e-001
 -1.4050564e+000
 -6.0521294e-001
 -1.1316234e+000
 -1.4645092e+000
 -7.1314218e-001
 -1.5785943e+000
 -1.4462652e+000
 -1.0105498e+000
 -1.2296949e+000
 -7.5636981e-001
 -1.9396782e+000
 -8.9769599e-001
 -1.2522780e+000
  4.7462059e-002
 -6.5419665e-001
 -1.2313276e+000
 -1.0350182e+000
 -9.1666005e-001
 -1.4091844e-001
 -1.0313968e+000
 -4.9849029e-001
 -7.2207728e-001
 -6.6198428e-001
 -1.0511962e+000
 -6.5141345e-001
 -6.3076640e-001
 -2.6733796e-001
  2.7612533e-002
 -3.6448541e-002
 -3.3794670e-001
 -2.6462021e-001
 -5.1262394e-001
 -4.4544870e-001
 -3.6333494e-001
 -3.6291676e-001
 -1.3989017e-001
  3.8247453e-002
 -3.0372221e-002
  2.6433955e-001
 -2.2055817e-002
 -6.3660355e-001
 -1.7626045e-001
 -3.1720610e-001
  3.3423605e-001
  2.2504571e-001
 -8.2018481e-001
 -4.5876191e-001
 -5.0534980e-001
  1.3062498e-002
  5.8046993e-002
  2.8592082e-001
