  0.0000000e+000
  6.8712354e-007
  5.5807020e-006
  1.9277336e-005
  4.3779363e-005
  7.8728637e-005
  1.2301913e-004
  1.7595768e-004
  2.3739183e-004
  3.0767401e-004
  3.8769379e-004
  4.7875502e-004
  5.8232329e-004
  6.9950365e-004
  8.3045050e-004
  9.7445834e-004
  1.1306060e-003
  1.2980037e-003
  1.4755773e-003
  1.6621212e-003
  1.8567675e-003
  2.0595429e-003
  2.2717241e-003
  2.4955956e-003
  2.7336837e-003
  2.9882009e-003
  3.2608606e-003
  3.5523873e-003
  3.8619502e-003
  4.1876956e-003
  4.5280580e-003
  4.8820612e-003
  5.2485445e-003
  5.6260954e-003
  6.0137785e-003
  6.4109939e-003
  6.8166435e-003
  7.2294450e-003
  7.6492821e-003
  8.0777734e-003
  8.5177426e-003
  8.9724952e-003
  9.4451970e-003
  9.9385363e-003
  1.0454481e-002
  1.0992889e-002
  1.1549670e-002
  1.2117974e-002
  1.2691768e-002
  1.3265933e-002
  1.3833656e-002
  1.4389294e-002
  1.4935038e-002
  1.5480286e-002
  1.6033971e-002
  1.6600528e-002
  1.7181799e-002
  1.7779589e-002
  1.8396918e-002
  1.9038073e-002
  1.9707596e-002
  2.0409820e-002
  2.1149187e-002
  2.1929804e-002
  2.2754127e-002
  2.3620993e-002
  2.4524416e-002
  2.5456534e-002
  2.6412976e-002
  2.7393224e-002
  2.8396154e-002
  2.9419011e-002
  3.0460496e-002
  3.1520930e-002
  3.2599175e-002
  3.3692053e-002
  3.4796405e-002
  3.5909377e-002
  3.7026772e-002
  3.8142508e-002
  3.9249679e-002
  4.0341992e-002
  4.1414622e-002
  4.2463530e-002
  4.3483676e-002
  4.4468089e-002
  4.5408617e-002
  4.6297799e-002
  4.7130956e-002
  4.7907594e-002
  4.8631428e-002
  4.9308698e-002
  4.9945816e-002
  5.0548460e-002
  5.1122108e-002
  5.1671962e-002
  5.2201662e-002
  5.2711251e-002
  5.3195643e-002
  5.3646067e-002
  5.4053660e-002
  5.4410683e-002
  5.4708928e-002
  5.4939430e-002
  5.5094079e-002
  5.5165866e-002
  5.5147926e-002
  5.5035194e-002
  5.4827677e-002
  5.4529247e-002
  5.4142815e-002
  5.3670917e-002
  5.3120729e-002
  5.2501797e-002
  5.1818339e-002
  5.1070286e-002
  5.0263041e-002
  4.9413309e-002
  4.8546877e-002
  4.7692503e-002
  4.6874785e-002
  4.6107432e-002
  4.5390350e-002
  4.4714671e-002
  4.4071992e-002
  4.3456862e-002
  4.2861921e-002
  4.2276286e-002
  4.1688984e-002
  4.1090190e-002
  4.0469383e-002
  3.9814647e-002
  3.9113427e-002
  3.8352532e-002
  3.7517349e-002
  3.6591821e-002
  3.5559148e-002
  3.4401402e-002
  3.3098501e-002
  3.1630153e-002
  2.9979621e-002
  2.8132666e-002
  2.6073327e-002
  2.3786396e-002
  2.1265778e-002
  1.8517944e-002
  1.5558313e-002
  1.2406694e-002
  9.0839990e-003
  5.6095113e-003
  1.9993810e-003
 -1.7339286e-003
 -5.5814054e-003
 -9.5349219e-003
 -1.3584177e-002
 -1.7718760e-002
 -2.1934467e-002
 -2.6234355e-002
 -3.0624583e-002
 -3.5116475e-002
 -3.9730989e-002
 -4.4489808e-002
 -4.9395471e-002
 -5.4415414e-002
 -5.9480857e-002
 -6.4508783e-002
 -6.9435092e-002
 -7.4228522e-002
 -7.8879322e-002
 -8.3382267e-002
 -8.7726378e-002
 -9.1896029e-002
 -9.5880320e-002
 -9.9675929e-002
 -1.0328022e-001
 -1.0668664e-001
 -1.0988578e-001
 -1.1286765e-001
 -1.1562349e-001
 -1.1814511e-001
 -1.2042264e-001
 -1.2244629e-001
 -1.2421170e-001
 -1.2572221e-001
 -1.2698684e-001
 -1.2801792e-001
 -1.2883017e-001
 -1.2944173e-001
 -1.2987644e-001
 -1.3016510e-001
 -1.3034462e-001
 -1.3045643e-001
 -1.3054420e-001
 -1.3064959e-001
 -1.3080722e-001
 -1.3104262e-001
 -1.3137323e-001
 -1.3180850e-001
 -1.3234895e-001
 -1.3298867e-001
 -1.3372072e-001
 -1.3453960e-001
 -1.3544107e-001
 -1.3642531e-001
 -1.3750268e-001
 -1.3869395e-001
 -1.4002494e-001
 -1.4152410e-001
 -1.4322341e-001
 -1.4515475e-001
 -1.4734229e-001
 -1.4980299e-001
 -1.5255319e-001
 -1.5559857e-001
 -1.5891255e-001
 -1.6244912e-001
 -1.6617607e-001
 -1.7004680e-001
 -1.7393319e-001
 -1.7764263e-001
 -1.8101407e-001
 -1.8397551e-001
 -1.8652899e-001
 -1.8870189e-001
 -1.9049928e-001
 -1.9190308e-001
 -1.9291332e-001
 -1.9355739e-001
 -1.9385768e-001
 -1.9382218e-001
 -1.9346536e-001
 -1.9281326e-001
 -1.9189015e-001
 -1.9071665e-001
 -1.8932018e-001
 -1.8773879e-001
 -1.8601644e-001
 -1.8419655e-001
 -1.8231861e-001
 -1.8042514e-001
 -1.7856933e-001
 -1.7680549e-001
 -1.7516400e-001
 -1.7361243e-001
 -1.7203366e-001
 -1.7029599e-001
 -1.6837088e-001
 -1.6632918e-001
 -1.6422348e-001
 -1.6204632e-001
 -1.5979060e-001
 -1.5747236e-001
 -1.5509698e-001
 -1.5265790e-001
 -1.5016634e-001
 -1.4764526e-001
 -1.4509333e-001
 -1.4247219e-001
 -1.3972847e-001
 -1.3683302e-001
 -1.3381377e-001
 -1.3074659e-001
 -1.2771153e-001
 -1.2477138e-001
 -1.2198307e-001
 -1.1940236e-001
 -1.1707368e-001
 -1.1502504e-001
 -1.1327057e-001
 -1.1181354e-001
 -1.1064855e-001
 -1.0976197e-001
 -1.0913075e-001
 -1.0872209e-001
 -1.0849481e-001
 -1.0839993e-001
 -1.0838066e-001
 -1.0837647e-001
 -1.0832903e-001
 -1.0818115e-001
 -1.0787122e-001
 -1.0733789e-001
 -1.0653413e-001
 -1.0543505e-001
 -1.0403674e-001
 -1.0235612e-001
 -1.0043279e-001
 -9.8327800e-002
 -9.6117330e-002
 -9.3879888e-002
 -9.1681075e-002
 -8.9567502e-002
 -8.7570205e-002
 -8.5705652e-002
 -8.3972770e-002
 -8.2355134e-002
 -8.0828800e-002
 -7.9366558e-002
 -7.7937978e-002
 -7.6515707e-002
 -7.5083543e-002
 -7.3625473e-002
 -7.2103640e-002
 -7.0459613e-002
 -6.8638889e-002
 -6.6607896e-002
 -6.4352885e-002
 -6.1867378e-002
 -5.9137594e-002
 -5.6142453e-002
 -5.2867395e-002
 -4.9308799e-002
 -4.5465670e-002
 -4.1337587e-002
 -3.6931219e-002
 -3.2260476e-002
 -2.7339642e-002
 -2.2186243e-002
 -1.6828719e-002
 -1.1288781e-002
 -5.5511338e-003
  4.2542432e-004
  6.6615442e-003
  1.3136262e-002
  1.9803610e-002
  2.6616446e-002
  3.3540544e-002
  4.0546451e-002
  4.7586230e-002
  5.4599928e-002
  6.1549343e-002
  6.8406575e-002
  7.5111409e-002
  8.1610873e-002
  8.7952931e-002
  9.4269724e-002
  1.0065807e-001
  1.0712458e-001
  1.1362705e-001
  1.2011915e-001
  1.2656486e-001
  1.3293645e-001
  1.3920139e-001
  1.4530714e-001
  1.5118156e-001
  1.5676886e-001
  1.6207599e-001
  1.6716158e-001
  1.7207373e-001
  1.7681714e-001
  1.8137008e-001
  1.8571402e-001
  1.8985424e-001
  1.9381745e-001
  1.9763009e-001
  2.0131130e-001
  2.0488560e-001
  2.0838391e-001
  2.1182979e-001
  2.1523142e-001
  2.1858382e-001
  2.2188005e-001
  2.2512279e-001
  2.2831372e-001
  2.3142879e-001
  2.3442271e-001
  2.3726098e-001
  2.3993186e-001
  2.4243215e-001
  2.4476169e-001
  2.4693082e-001
  2.4895842e-001
  2.5086018e-001
  2.5264392e-001
  2.5431304e-001
  2.5586669e-001
  2.5729696e-001
  2.5859505e-001
  2.5976352e-001
  2.6081718e-001
  2.6177335e-001
  2.6265014e-001
  2.6347330e-001
  2.6427209e-001
  2.6506588e-001
  2.6586371e-001
  2.6667541e-001
  2.6751046e-001
  2.6836471e-001
  2.6921710e-001
  2.7003828e-001
  2.7079430e-001
  2.7144365e-001
  2.7194148e-001
  2.7225069e-001
  2.7234096e-001
  2.7218116e-001
  2.7175796e-001
  2.7110820e-001
  2.7030934e-001
  2.6943163e-001
  2.6851142e-001
  2.6755975e-001
  2.6657546e-001
  2.6555285e-001
  2.6448971e-001
  2.6339219e-001
  2.6227181e-001
  2.6113836e-001
  2.5999384e-001
  2.5883131e-001
  2.5764281e-001
  2.5643044e-001
  2.5520506e-001
  2.5397352e-001
  2.5273464e-001
  2.5148572e-001
  2.5022106e-001
  2.4892241e-001
  2.4755805e-001
  2.4609049e-001
  2.4447734e-001
  2.4266518e-001
  2.4059136e-001
  2.3819357e-001
  2.3541215e-001
  2.3218588e-001
  2.2845925e-001
  2.2419784e-001
  2.1938912e-001
  2.1402892e-001
  2.0811984e-001
  2.0168407e-001
  1.9475919e-001
  1.8738177e-001
  1.7961151e-001
  1.7157393e-001
  1.6342042e-001
  1.5522834e-001
  1.4698615e-001
  1.3867011e-001
  1.3028179e-001
  1.2182415e-001
  1.1329860e-001
  1.0473031e-001
  9.6166643e-002
  8.7651419e-002
  7.9222785e-002
  7.0931584e-002
  6.2832020e-002
  5.4949160e-002
  4.7278410e-002
  3.9816526e-002
  3.2571006e-002
  2.5543022e-002
  1.8724039e-002
  1.2109462e-002
  5.7001332e-003
 -5.0886460e-004
 -6.5290294e-003
 -1.2369134e-002
 -1.8035326e-002
 -2.3541029e-002
 -2.8906116e-002
 -3.4145055e-002
 -3.9272270e-002
 -4.4316475e-002
 -4.9291989e-002
 -5.4147527e-002
 -5.8784358e-002
 -6.3134437e-002
 -6.7194154e-002
 -7.0995037e-002
 -7.4573411e-002
 -7.7961107e-002
 -8.1188701e-002
 -8.4295846e-002
 -8.7333133e-002
 -9.0351744e-002
 -9.3395523e-002
 -9.6501530e-002
 -9.9705847e-002
 -1.0304662e-001
 -1.0655878e-001
 -1.1025907e-001
 -1.1410968e-001
 -1.1798923e-001
 -1.2174841e-001
 -1.2531699e-001
 -1.2871779e-001
 -1.3198430e-001
 -1.3511816e-001
 -1.3811490e-001
 -1.4098644e-001
 -1.4375801e-001
 -1.4645040e-001
 -1.4905695e-001
 -1.5153534e-001
 -1.5382266e-001
 -1.5586522e-001
 -1.5764446e-001
 -1.5916753e-001
 -1.6043184e-001
 -1.6141869e-001
 -1.6211996e-001
 -1.6254682e-001
 -1.6271385e-001
 -1.6263420e-001
 -1.6232992e-001
 -1.6183614e-001
 -1.6119645e-001
 -1.6046005e-001
 -1.5968040e-001
 -1.5890468e-001
 -1.5816026e-001
 -1.5745945e-001
 -1.5681807e-001
 -1.5625903e-001
 -1.5579870e-001
 -1.5543691e-001
 -1.5515831e-001
 -1.5494328e-001
 -1.5478203e-001
 -1.5467397e-001
 -1.5461477e-001
 -1.5460338e-001
 -1.5466264e-001
 -1.5482730e-001
 -1.5510621e-001
 -1.5546857e-001
 -1.5586430e-001
 -1.5625856e-001
 -1.5665732e-001
 -1.5708883e-001
 -1.5755519e-001
 -1.5802547e-001
 -1.5847394e-001
 -1.5889287e-001
 -1.5927088e-001
 -1.5958805e-001
 -1.5983240e-001
 -1.6000383e-001
 -1.6010302e-001
 -1.6012685e-001
 -1.6007107e-001
 -1.5992375e-001
 -1.5965269e-001
 -1.5920756e-001
 -1.5853564e-001
 -1.5758853e-001
 -1.5631833e-001
 -1.5468379e-001
 -1.5266516e-001
 -1.5026499e-001
 -1.4749594e-001
 -1.4437851e-001
 -1.4094917e-001
 -1.3725948e-001
 -1.3336496e-001
 -1.2931886e-001
 -1.2517280e-001
 -1.2097412e-001
 -1.1676007e-001
 -1.1255928e-001
 -1.0839771e-001
 -1.0429276e-001
 -1.0023971e-001
 -9.6212931e-002
 -9.2182968e-002
 -8.8127687e-002
 -8.4033341e-002
 -7.9899163e-002
 -7.5744360e-002
 -7.1603224e-002
 -6.7510891e-002
 -6.3497072e-002
 -5.9588420e-002
 -5.5804535e-002
 -5.2147879e-002
 -4.8601409e-002
 -4.5135827e-002
 -4.1718029e-002
 -3.8317287e-002
 -3.4910005e-002
 -3.1482027e-002
 -2.8026647e-002
 -2.4541071e-002
 -2.1027243e-002
 -1.7496584e-002
 -1.3972396e-002
 -1.0487919e-002
 -7.0821350e-003
 -3.7953560e-003
 -6.6723799e-004
  2.2628116e-003
  4.9574494e-003
  7.3857713e-003
  9.5243290e-003
  1.1355701e-002
  1.2873516e-002
  1.4091050e-002
  1.5037801e-002
  1.5745412e-002
  1.6242930e-002
  1.6561307e-002
  1.6725978e-002
  1.6740126e-002
  1.6584127e-002
  1.6231515e-002
  1.5656821e-002
  1.4832544e-002
  1.3734673e-002
  1.2354543e-002
  1.0694957e-002
  8.7535513e-003
  6.5179513e-003
  3.9752470e-003
  1.1184332e-003
 -2.0547091e-003
 -5.5428795e-003
 -9.3410105e-003
 -1.3441514e-002
 -1.7834876e-002
 -2.2503509e-002
 -2.7413012e-002
 -3.2514610e-002
 -3.7757703e-002
 -4.3096162e-002
 -4.8485707e-002
 -5.3883665e-002
 -5.9252323e-002
 -6.4558504e-002
 -6.9769400e-002
 -7.4850277e-002
 -7.9765008e-002
 -8.4476316e-002
 -8.8946072e-002
 -9.3139427e-002
 -9.7030773e-002
 -1.0060421e-001
 -1.0384897e-001
 -1.0675731e-001
 -1.0932623e-001
 -1.1155873e-001
 -1.1346287e-001
 -1.1504939e-001
 -1.1632862e-001
 -1.1730890e-001
 -1.1799750e-001
 -1.1840259e-001
 -1.1853535e-001
 -1.1841389e-001
 -1.1806629e-001
 -1.1752619e-001
 -1.1682329e-001
 -1.1598026e-001
 -1.1501691e-001
 -1.1395186e-001
 -1.1280013e-001
 -1.1157204e-001
 -1.1027441e-001
 -1.0891483e-001
 -1.0750579e-001
 -1.0605826e-001
 -1.0456976e-001
 -1.0302780e-001
 -1.0142709e-001
 -9.9776755e-002
 -9.8093323e-002
 -9.6393491e-002
 -9.4691621e-002
 -9.3000051e-002
 -9.1331105e-002
 -8.9697139e-002
 -8.8107804e-002
 -8.6569119e-002
 -8.5084745e-002
 -8.3655168e-002
 -8.2275221e-002
 -8.0935064e-002
 -7.9624228e-002
 -7.8332102e-002
 -7.7045791e-002
 -7.5753447e-002
 -7.4451173e-002
 -7.3143865e-002
 -7.1838375e-002
 -7.0533946e-002
 -6.9216027e-002
 -6.7859659e-002
 -6.6441173e-002
 -6.4950376e-002
 -6.3396408e-002
 -6.1801772e-002
 -6.0189176e-002
 -5.8576969e-002
 -5.6984215e-002
 -5.5429577e-002
 -5.3922606e-002
 -5.2460623e-002
 -5.1032875e-002
 -4.9623840e-002
 -4.8214637e-002
 -4.6786565e-002
 -4.5325800e-002
 -4.3825283e-002
 -4.2283224e-002
 -4.0699823e-002
 -3.9074072e-002
 -3.7403121e-002
 -3.5684083e-002
 -3.3914572e-002
 -3.2091391e-002
 -3.0211368e-002
 -2.8273284e-002
 -2.6274594e-002
 -2.4204898e-002
 -2.2045344e-002
 -1.9774696e-002
 -1.7374266e-002
 -1.4829047e-002
 -1.2128706e-002
 -9.2679528e-003
 -6.2414858e-003
 -3.0370858e-003
  3.6208232e-004
  3.9674235e-003
  7.7806656e-003
  1.1797566e-002
  1.6009992e-002
  2.0404555e-002
  2.4963307e-002
  2.9666413e-002
  3.4492582e-002
  3.9418043e-002
  4.4418463e-002
  4.9473375e-002
  5.4568276e-002
  5.9693110e-002
  6.4839817e-002
  6.9999442e-002
  7.5157253e-002
  8.0287845e-002
  8.5355109e-002
  9.0317147e-002
  9.5130765e-002
  9.9754307e-002
  1.0415330e-001
  1.0830653e-001
  1.1220310e-001
  1.1583298e-001
  1.1918462e-001
  1.2225049e-001
  1.2502883e-001
  1.2751970e-001
  1.2972220e-001
  1.3163437e-001
  1.3325432e-001
  1.3458150e-001
  1.3561519e-001
  1.3635126e-001
  1.3678272e-001
  1.3690400e-001
  1.3671193e-001
  1.3620362e-001
  1.3537693e-001
  1.3423402e-001
  1.3278374e-001
  1.3104137e-001
  1.2902647e-001
  1.2675949e-001
  1.2425883e-001
  1.2153963e-001
  1.1861183e-001
  1.1547922e-001
  1.1214867e-001
  1.0864358e-001
  1.0499779e-001
  1.0123499e-001
  9.7366509e-002
  9.3408571e-002
  8.9389763e-002
  8.5342978e-002
  8.1296854e-002
  7.7272386e-002
  7.3285599e-002
  6.9353928e-002
  6.5496286e-002
  6.1726437e-002
  5.8051472e-002
  5.4476550e-002
  5.1005232e-002
  4.7635202e-002
  4.4359928e-002
  4.1174598e-002
  3.8073771e-002
  3.5043073e-002
  3.2059323e-002
  2.9100935e-002
  2.6160251e-002
  2.3250809e-002
  2.0403322e-002
  1.7652763e-002
  1.5029457e-002
  1.2558128e-002
  1.0256735e-002
  8.1343555e-003
  6.1956076e-003
  4.4486549e-003
  2.9049119e-003
  1.5716404e-003
  4.5097083e-004
 -4.5379142e-004
 -1.1364386e-003
 -1.5919666e-003
 -1.8178516e-003
 -1.8117881e-003
 -1.5718250e-003
 -1.0989828e-003
 -3.9763355e-004
  5.2613945e-004
  1.6637209e-003
  3.0010081e-003
  4.5178022e-003
  6.1899321e-003
  7.9907848e-003
  9.8915628e-003
  1.1862124e-002
  1.3872522e-002
  1.5893514e-002
  1.7896684e-002
  1.9857316e-002
  2.1758671e-002
  2.3591812e-002
  2.5351323e-002
  2.7033690e-002
  2.8639016e-002
  3.0170179e-002
  3.1629382e-002
  3.3018020e-002
  3.4339424e-002
  3.5597039e-002
  3.6789193e-002
  3.7911220e-002
  3.8963132e-002
  3.9947239e-002
  4.0857124e-002
  4.1679953e-002
  4.2410686e-002
  4.3047765e-002
  4.3576177e-002
  4.3983167e-002
  4.4296305e-002
  4.4580651e-002
  4.4895827e-002
  4.5273135e-002
  4.5725666e-002
  4.6261294e-002
  4.6888090e-002
  4.7614652e-002
  4.8446040e-002
  4.9382664e-002
  5.0424228e-002
  5.1570923e-002
  5.2820976e-002
  5.4170576e-002
  5.5616158e-002
  5.7154577e-002
  5.8781008e-002
  6.0488330e-002
  6.2268260e-002
  6.4110805e-002
  6.6002825e-002
  6.7930223e-002
  6.9882774e-002
  7.1855486e-002
  7.3845414e-002
  7.5848215e-002
  7.7856005e-002
  7.9854966e-002
  8.1824285e-002
  8.3739480e-002
  8.5578807e-002
  8.7329097e-002
  8.8987730e-002
  9.0557480e-002
  9.2037532e-002
  9.3420099e-002
  9.4694088e-002
  9.5848535e-002
  9.6872483e-002
  9.7754755e-002
  9.8483026e-002
  9.9038404e-002
  9.9391976e-002
  9.9510148e-002
  9.9368691e-002
  9.8983062e-002
  9.8431993e-002
  9.7811995e-002
  9.7151500e-002
  9.6408214e-002
  9.5548546e-002
  9.4576931e-002
  9.3497964e-002
  9.2311912e-002
  9.1048890e-002
  8.9762440e-002
  8.8486573e-002
  8.7225715e-002
  8.5981864e-002
  8.4769837e-002
  8.3610047e-002
  8.2521491e-002
  8.1519496e-002
  8.0609943e-002
  7.9783516e-002
  7.9020030e-002
  7.8298382e-002
  7.7597573e-002
  7.6888752e-002
  7.6128707e-002
  7.5262154e-002
  7.4239193e-002
  7.3037500e-002
  7.1663675e-002
  7.0132809e-002
  6.8446993e-002
  6.6587648e-002
  6.4533015e-002
  6.2288307e-002
  5.9888389e-002
  5.7372307e-002
  5.4773128e-002
  5.2129700e-002
  4.9488682e-002
  4.6893384e-002
  4.4379435e-002
  4.1978140e-002
  3.9715109e-002
  3.7604070e-002
  3.5643894e-002
  3.3820820e-002
  3.2113202e-002
  3.0497072e-002
  2.8951113e-002
  2.7459037e-002
  2.6008452e-002
  2.4586461e-002
  2.3176875e-002
  2.1761340e-002
  2.0312760e-002
  1.8788952e-002
  1.7166449e-002
  1.5490570e-002
  1.3849227e-002
  1.2287787e-002
  1.0791469e-002
  9.3444435e-003
  7.9587768e-003
  6.6530935e-003
  5.4409412e-003
  4.3375683e-003
  3.3590003e-003
  2.5143532e-003
  1.8001137e-003
  1.2007993e-003
  7.0595281e-004
  3.3191787e-004
  1.1620821e-004
  8.6763859e-005
  2.3985424e-004
  5.4019191e-004
  9.3775606e-004
  1.3896730e-003
  1.8658450e-003
  2.3368514e-003
  2.7688546e-003
  3.1302297e-003
  3.3916753e-003
  3.5195957e-003
  3.4776475e-003
  3.2357848e-003
  2.7747604e-003
  2.0847997e-003
  1.1658495e-003
  3.0685882e-005
 -1.2924657e-003
 -2.7593416e-003
 -4.3125587e-003
 -5.8877870e-003
 -7.4183093e-003
 -8.8380256e-003
 -1.0091304e-002
 -1.1145022e-002
 -1.1984071e-002
 -1.2594963e-002
 -1.2964371e-002
 -1.3093683e-002
 -1.3006962e-002
 -1.2746032e-002
 -1.2358781e-002
 -1.1886967e-002
 -1.1366297e-002
 -1.0835203e-002
 -1.0326711e-002
 -9.8477549e-003
 -9.3806449e-003
 -8.9068715e-003
 -8.4217511e-003
 -7.9316627e-003
 -7.4458097e-003
 -6.9689790e-003
 -6.5002748e-003
 -6.0381097e-003
 -5.5821081e-003
 -5.1302066e-003
 -4.6795755e-003
 -4.2310600e-003
 -3.7891571e-003
 -3.3578470e-003
 -2.9387336e-003
 -2.5329470e-003
 -2.1445993e-003
 -1.7837024e-003
 -1.4658637e-003
 -1.2094125e-003
 -1.0334993e-003
 -9.5823813e-004
 -1.0068593e-003
 -1.2069197e-003
 -1.5828137e-003
 -2.1434031e-003
 -2.8821925e-003
 -3.7894238e-003
 -4.8548306e-003
 -6.0610202e-003
 -7.3884851e-003
 -8.8297975e-003
 -1.0392275e-002
 -1.2086022e-002
 -1.3906945e-002
 -1.5825485e-002
 -1.7794182e-002
 -1.9769603e-002
 -2.1726420e-002
 -2.3656038e-002
 -2.5557905e-002
 -2.7431015e-002
 -2.9274221e-002
 -3.1094329e-002
 -3.2906191e-002
 -3.4723968e-002
 -3.6560728e-002
 -3.8436043e-002
 -4.0374667e-002
 -4.2396672e-002
 -4.4513478e-002
 -4.6732167e-002
 -4.9060646e-002
 -5.1509993e-002
 -5.4092724e-002
 -5.6817899e-002
 -5.9686987e-002
 -6.2692808e-002
 -6.5821891e-002
 -6.9057770e-002
 -7.2379318e-002
 -7.5755322e-002
 -7.9144606e-002
 -8.2502434e-002
 -8.5785594e-002
 -8.8954410e-002
 -9.1974067e-002
 -9.4816532e-002
 -9.7465789e-002
 -9.9923855e-002
 -1.0220762e-001
 -1.0433841e-001
 -1.0633902e-001
 -1.0823828e-001
 -1.1006926e-001
 -1.1186024e-001
 -1.1362897e-001
 -1.1538322e-001
 -1.1712497e-001
 -1.1885476e-001
 -1.2057045e-001
 -1.2226120e-001
 -1.2390248e-001
 -1.2545661e-001
 -1.2688278e-001
 -1.2815055e-001
 -1.2923932e-001
 -1.3012563e-001
 -1.3078058e-001
 -1.3117993e-001
 -1.3130924e-001
 -1.3116057e-001
 -1.3073093e-001
 -1.3002312e-001
 -1.2904135e-001
 -1.2778439e-001
 -1.2624828e-001
 -1.2443645e-001
 -1.2236004e-001
 -1.2002951e-001
 -1.1745723e-001
 -1.1467003e-001
 -1.1170992e-001
 -1.0862214e-001
 -1.0544948e-001
 -1.0223563e-001
 -9.9025062e-002
 -9.5858411e-002
 -9.2771843e-002
 -8.9798912e-002
 -8.6966546e-002
 -8.4286351e-002
 -8.1748732e-002
 -7.9323509e-002
 -7.6968661e-002
 -7.4642491e-002
 -7.2306824e-002
 -6.9921859e-002
 -6.7447796e-002
 -6.4854288e-002
 -6.2124399e-002
 -5.9251238e-002
 -5.6235474e-002
 -5.3085387e-002
 -4.9816432e-002
 -4.6449874e-002
 -4.3010566e-002
 -3.9523954e-002
 -3.6014427e-002
 -3.2504623e-002
 -2.9010668e-002
 -2.5536012e-002
 -2.2075111e-002
 -1.8624300e-002
 -1.5183802e-002
 -1.1750549e-002
 -8.3155480e-003
 -4.8690292e-003
 -1.4084987e-003
  2.0553684e-003
  5.5024419e-003
  8.9142082e-003
  1.2278064e-002
  1.5583141e-002
  1.8819732e-002
  2.1983756e-002
  2.5077495e-002
  2.8106018e-002
  3.1075298e-002
  3.3992367e-002
  3.6863438e-002
  3.9690419e-002
  4.2470070e-002
  4.5195734e-002
  4.7857634e-002
  5.0441643e-002
  5.2929897e-002
  5.5303458e-002
  5.7544638e-002
  5.9638236e-002
  6.1572248e-002
  6.3338379e-002
  6.4932695e-002
  6.6356511e-002
  6.7617090e-002
  6.8727621e-002
  6.9705857e-002
  7.0571820e-002
  7.1345658e-002
  7.2046069e-002
  7.2689410e-002
  7.3288884e-002
  7.3851801e-002
  7.4375895e-002
  7.4851122e-002
  7.5265814e-002
  7.5605300e-002
  7.5846383e-002
  7.5968153e-002
  7.5973455e-002
  7.5890589e-002
  7.5754437e-002
  7.5593067e-002
  7.5427277e-002
  7.5275654e-002
  7.5159173e-002
  7.5095765e-002
  7.5088508e-002
  7.5128051e-002
  7.5209071e-002
  7.5338358e-002
  7.5530070e-002
  7.5801553e-002
  7.6172190e-002
  7.6658748e-002
  7.7269073e-002
  7.8001327e-002
  7.8848125e-002
  7.9799687e-002
  8.0844054e-002
  8.1965280e-002
  8.3141755e-002
  8.4348938e-002
  8.5565026e-002
  8.6771478e-002
  8.7948201e-002
  8.9071225e-002
  9.0114696e-002
  9.1053252e-002
  9.1863761e-002
  9.2527449e-002
  9.3032119e-002
  9.3372981e-002
  9.3552419e-002
  9.3581006e-002
  9.3478177e-002
  9.3267864e-002
  9.2970358e-002
  9.2595907e-002
  9.2143729e-002
  9.1608219e-002
  9.0988006e-002
  9.0289565e-002
  8.9523129e-002
  8.8692636e-002
  8.7787499e-002
  8.6790567e-002
  8.5696697e-002
  8.4516344e-002
  8.3261591e-002
  8.1935345e-002
  8.0531029e-002
  7.9037528e-002
  7.7446042e-002
  7.5754314e-002
  7.3966312e-002
  7.2091281e-002
  7.0143806e-002
  6.8143255e-002
  6.6112378e-002
  6.4076583e-002
  6.2063431e-002
  6.0098538e-002
  5.8201025e-002
  5.6389391e-002
  5.4693666e-002
  5.3156048e-002
  5.1818937e-002
  5.0714181e-002
  4.9860079e-002
  4.9266479e-002
  4.8943485e-002
  4.8903414e-002
  4.9154777e-002
  4.9696914e-002
  5.0519876e-002
  5.1610959e-002
  5.2963656e-002
  5.4577081e-002
  5.6446802e-002
  5.8562888e-002
  6.0916664e-002
  6.3503067e-002
  6.6316992e-002
  6.9352020e-002
  7.2602648e-002
  7.6065885e-002
  7.9741134e-002
  8.3629174e-002
  8.7730102e-002
  9.2039866e-002
  9.6546937e-002
  1.0123154e-001
  1.0606759e-001
  1.1102563e-001
  1.1607522e-001
  1.2118440e-001
  1.2631738e-001
  1.3143672e-001
  1.3650865e-001
  1.4150249e-001
  1.4638472e-001
  1.5111893e-001
  1.5567177e-001
  1.6001379e-001
  1.6411517e-001
  1.6794952e-001
  1.7150331e-001
  1.7477396e-001
  1.7775770e-001
  1.8044581e-001
  1.8283091e-001
  1.8490957e-001
  1.8667876e-001
  1.8813412e-001
  1.8927105e-001
  1.9008502e-001
  1.9057099e-001
  1.9072484e-001
  1.9054534e-001
  1.9003085e-001
  1.8917276e-001
  1.8795898e-001
  1.8638499e-001
  1.8445154e-001
  1.8215198e-001
  1.7947758e-001
  1.7643743e-001
  1.7305818e-001
  1.6936373e-001
  1.6536534e-001
  1.6106837e-001
  1.5647980e-001
  1.5161116e-001
  1.4647843e-001
  1.4109949e-001
  1.3549347e-001
  1.2968293e-001
  1.2369326e-001
  1.1754950e-001
  1.1127827e-001
  1.0491222e-001
  9.8486601e-002
  9.2029573e-002
  8.5555232e-002
  7.9065086e-002
  7.2563728e-002
  6.6077958e-002
  5.9651978e-002
  5.3321223e-002
  4.7097028e-002
  4.0970983e-002
  3.4925669e-002
  2.8943874e-002
  2.3009501e-002
  1.7102706e-002
  1.1205193e-002
  5.3152165e-003
 -5.4576718e-004
 -6.3399170e-003
 -1.2025181e-002
 -1.7567202e-002
 -2.2948941e-002
 -2.8173215e-002
 -3.3250833e-002
 -3.8182466e-002
 -4.2957335e-002
 -4.7567502e-002
 -5.2010683e-002
 -5.6279335e-002
 -6.0359504e-002
 -6.4241560e-002
 -6.7925467e-002
 -7.1418247e-002
 -7.4733649e-002
 -7.7894168e-002
 -8.0927795e-002
 -8.3861039e-002
 -8.6716891e-002
 -8.9517810e-002
 -9.2286892e-002
 -9.5045691e-002
 -9.7811418e-002
 -1.0059558e-001
 -1.0340609e-001
 -1.0625152e-001
 -1.0914393e-001
 -1.1209849e-001
 -1.1512756e-001
 -1.1823419e-001
 -1.2141928e-001
 -1.2469651e-001
 -1.2808901e-001
 -1.3160847e-001
 -1.3524182e-001
 -1.3895367e-001
 -1.4269918e-001
 -1.4643928e-001
 -1.5014263e-001
 -1.5377635e-001
 -1.5731167e-001
 -1.6074245e-001
 -1.6408386e-001
 -1.6735169e-001
 -1.7055338e-001
 -1.7369514e-001
 -1.7678485e-001
 -1.7982752e-001
 -1.8282324e-001
 -1.8576855e-001
 -1.8865752e-001
 -1.9148239e-001
 -1.9423280e-001
 -1.9689441e-001
 -1.9945554e-001
 -2.0191581e-001
 -2.0427691e-001
 -2.0652129e-001
 -2.0860794e-001
 -2.1048866e-001
 -2.1212708e-001
 -2.1350831e-001
 -2.1462933e-001
 -2.1547835e-001
 -2.1603478e-001
 -2.1628942e-001
 -2.1624918e-001
 -2.1592267e-001
 -2.1531551e-001
 -2.1443830e-001
 -2.1331042e-001
 -2.1195633e-001
 -2.1039774e-001
 -2.0864673e-001
 -2.0671029e-001
 -2.0460313e-001
 -2.0234995e-001
 -1.9997546e-001
 -1.9749858e-001
 -1.9493439e-001
 -1.9229500e-001
 -1.8958830e-001
 -1.8681737e-001
 -1.8398103e-001
 -1.8107656e-001
 -1.7810359e-001
 -1.7506381e-001
 -1.7195756e-001
 -1.6878689e-001
 -1.6556300e-001
 -1.6230244e-001
 -1.5901467e-001
 -1.5570315e-001
 -1.5237791e-001
 -1.4905504e-001
 -1.4574274e-001
 -1.4243560e-001
 -1.3912145e-001
 -1.3579083e-001
 -1.3244390e-001
 -1.2909057e-001
 -1.2574548e-001
 -1.2242808e-001
 -1.1916786e-001
 -1.1600304e-001
 -1.1297214e-001
 -1.1010830e-001
 -1.0743883e-001
 -1.0498628e-001
 -1.0276940e-001
 -1.0080312e-001
 -9.9096982e-002
 -9.7652734e-002
 -9.6462711e-002
 -9.5509357e-002
 -9.4767239e-002
 -9.4209117e-002
 -9.3813501e-002
 -9.3568916e-002
 -9.3473245e-002
 -9.3528682e-002
 -9.3736348e-002
 -9.4098497e-002
 -9.4626285e-002
 -9.5340336e-002
 -9.6263131e-002
 -9.7414650e-002
 -9.8813634e-002
 -1.0047691e-001
 -1.0241642e-001
 -1.0464027e-001
 -1.0715533e-001
 -1.0996195e-001
 -1.1304320e-001
 -1.1635982e-001
 -1.1985524e-001
 -1.2346929e-001
 -1.2715380e-001
 -1.3087930e-001
 -1.3463050e-001
 -1.3839689e-001
 -1.4216530e-001
 -1.4591993e-001
 -1.4964810e-001
 -1.5334121e-001
 -1.5698885e-001
 -1.6057218e-001
 -1.6406107e-001
 -1.6741790e-001
 -1.7060618e-001
 -1.7359395e-001
 -1.7635172e-001
 -1.7885675e-001
 -1.8110222e-001
 -1.8309765e-001
 -1.8486026e-001
 -1.8640823e-001
 -1.8775903e-001
 -1.8893128e-001
 -1.8994679e-001
 -1.9082540e-001
 -1.9157466e-001
 -1.9218749e-001
 -1.9264861e-001
 -1.9293847e-001
 -1.9303252e-001
 -1.9290314e-001
 -1.9252438e-001
 -1.9187444e-001
 -1.9093562e-001
 -1.8969433e-001
 -1.8814192e-001
 -1.8627548e-001
 -1.8409868e-001
 -1.8162205e-001
 -1.7886258e-001
 -1.7584480e-001
 -1.7260143e-001
 -1.6916605e-001
 -1.6556144e-001
 -1.6179910e-001
 -1.5788916e-001
 -1.5384238e-001
 -1.4966339e-001
 -1.4535200e-001
 -1.4091260e-001
 -1.3635682e-001
 -1.3169816e-001
 -1.2694866e-001
 -1.2211943e-001
 -1.1722324e-001
 -1.1227628e-001
 -1.0729183e-001
 -1.0226994e-001
 -9.7199523e-002
 -9.2071793e-002
 -8.6886341e-002
 -8.1646478e-002
 -7.6353720e-002
 -7.1005847e-002
 -6.5600053e-002
 -6.0138884e-002
 -5.4629714e-002
 -4.9078303e-002
 -4.3488822e-002
 -3.7870859e-002
 -3.2241544e-002
 -2.6621827e-002
 -2.1036130e-002
 -1.5515281e-002
 -1.0094065e-002
 -4.8035739e-003
  3.3248094e-004
  5.2974001e-003
  1.0086996e-002
  1.4717969e-002
  1.9223318e-002
  2.3637104e-002
  2.7987758e-002
  3.2302032e-002
  3.6606216e-002
  4.0921601e-002
  4.5258820e-002
  4.9614686e-002
  5.3976753e-002
  5.8333267e-002
  6.2677477e-002
  6.7004589e-002
  7.1308537e-002
  7.5582057e-002
  7.9821093e-002
  8.4030600e-002
  8.8222986e-002
  9.2409580e-002
  9.6596898e-002
  1.0078903e-001
  1.0498571e-001
  1.0917677e-001
  1.1334446e-001
  1.1747215e-001
  1.2154723e-001
  1.2555733e-001
  1.2948852e-001
  1.3332775e-001
  1.3706614e-001
  1.4070110e-001
  1.4423629e-001
  1.4767911e-001
  1.5103683e-001
  1.5431374e-001
  1.5751268e-001
  1.6063906e-001
  1.6370020e-001
  1.6669961e-001
  1.6963127e-001
  1.7247729e-001
  1.7521112e-001
  1.7780395e-001
  1.8022637e-001
  1.8244498e-001
  1.8442273e-001
  1.8612395e-001
  1.8751733e-001
  1.8857610e-001
  1.8927968e-001
  1.8961685e-001
  1.8958809e-001
  1.8920658e-001
  1.8849586e-001
  1.8748558e-001
  1.8621408e-001
  1.8473342e-001
  1.8309733e-001
  1.8133802e-001
  1.7946304e-001
  1.7747301e-001
  1.7537145e-001
  1.7316060e-001
  1.7083982e-001
  1.6840919e-001
  1.6586895e-001
  1.6321652e-001
  1.6044976e-001
  1.5757414e-001
  1.5460561e-001
  1.5156626e-001
  1.4847443e-001
  1.4533523e-001
  1.4214284e-001
  1.3889248e-001
  1.3558594e-001
  1.3222732e-001
  1.2882013e-001
  1.2536863e-001
  1.2187837e-001
  1.1835604e-001
  1.1480975e-001
  1.1125010e-001
  1.0769224e-001
  1.0415817e-001
  1.0067609e-001
  9.7277334e-002
  9.3994916e-002
  9.0863619e-002
  8.7917281e-002
  8.5183603e-002
  8.2680128e-002
  8.0412977e-002
  7.8379616e-002
  7.6573536e-002
  7.4983142e-002
  7.3587044e-002
  7.2359230e-002
  7.1281792e-002
  7.0347314e-002
  6.9550147e-002
  6.8880995e-002
  6.8328808e-002
  6.7885935e-002
  6.7552717e-002
  6.7335118e-002
  6.7237105e-002
  6.7259911e-002
  6.7408623e-002
  6.7693809e-002
  6.8126627e-002
  6.8716607e-002
  6.9472930e-002
  7.0402807e-002
  7.1507847e-002
  7.2784358e-002
  7.4227522e-002
  7.5835308e-002
  7.7609401e-002
  7.9551323e-002
  8.1655853e-002
  8.3907792e-002
  8.6283448e-002
  8.8753202e-002
  9.1283126e-002
  9.3835107e-002
  9.6366502e-002
  9.8832189e-002
  1.0118934e-001
  1.0340277e-001
  1.0544851e-001
  1.0731313e-001
  1.0898997e-001
  1.1047811e-001
  1.1178441e-001
  1.1292439e-001
  1.1392024e-001
  1.1479591e-001
  1.1557161e-001
  1.1626345e-001
  1.1688725e-001
  1.1745729e-001
  1.1798030e-001
  1.1845437e-001
  1.1887357e-001
  1.1923119e-001
  1.1951992e-001
  1.1973226e-001
  1.1986161e-001
  1.1990220e-001
  1.1984856e-001
  1.1969865e-001
  1.1945845e-001
  1.1914037e-001
  1.1875635e-001
  1.1831499e-001
  1.1782416e-001
  1.1729181e-001
  1.1672390e-001
  1.1612513e-001
  1.1550160e-001
  1.1485857e-001
  1.1419511e-001
  1.1350511e-001
  1.1278431e-001
  1.1203351e-001
  1.1125620e-001
  1.1045679e-001
  1.0964089e-001
  1.0881371e-001
  1.0797763e-001
  1.0713403e-001
  1.0628769e-001
  1.0544497e-001
  1.0460670e-001
  1.0376580e-001
  1.0291063e-001
  1.0202470e-001
  1.0108305e-001
  1.0005398e-001
  9.8905960e-002
  9.7611398e-002
  9.6146476e-002
  9.4493100e-002
  9.2642679e-002
  9.0595969e-002
  8.8359183e-002
  8.5941506e-002
  8.3355031e-002
  8.0614644e-002
  7.7737211e-002
  7.4741042e-002
  7.1645429e-002
  6.8469119e-002
  6.5228303e-002
  6.1936608e-002
  5.8606576e-002
  5.5247725e-002
  5.1862007e-002
  4.8445439e-002
  4.4993914e-002
  4.1498659e-002
  3.7934997e-002
  3.4266793e-002
  3.0464814e-002
  2.6513296e-002
  2.2402116e-002
  1.8125229e-002
  1.3687178e-002
  9.1016763e-003
  4.3833368e-003
 -4.5253668e-004
 -5.3827008e-003
 -1.0373766e-002
 -1.5387424e-002
 -2.0388254e-002
 -2.5349716e-002
 -3.0252263e-002
 -3.5075854e-002
 -3.9799887e-002
 -4.4410631e-002
 -4.8902015e-002
 -5.3268797e-002
 -5.7504309e-002
 -6.1603916e-002
 -6.5565297e-002
 -6.9385269e-002
 -7.3059932e-002
 -7.6587802e-002
 -7.9970020e-002
 -8.3207176e-002
 -8.6296639e-002
 -8.9231879e-002
 -9.2003462e-002
 -9.4601250e-002
 -9.7016286e-002
 -9.9241733e-002
 -1.0127432e-001
 -1.0311556e-001
 -1.0476888e-001
 -1.0623425e-001
 -1.0750697e-001
 -1.0858053e-001
 -1.0944578e-001
 -1.1008665e-001
 -1.1047993e-001
 -1.1060002e-001
 -1.1042288e-001
 -1.0992834e-001
 -1.0910322e-001
 -1.0794475e-001
 -1.0646108e-001
 -1.0466879e-001
 -1.0258975e-001
 -1.0024847e-001
 -9.7670398e-002
 -9.4881375e-002
 -9.1908240e-002
 -8.8779996e-002
 -8.5528284e-002
 -8.2186911e-002
 -7.8792343e-002
 -7.5384012e-002
 -7.1999506e-002
 -6.8666851e-002
 -6.5403129e-002
 -6.2219613e-002
 -5.9124515e-002
 -5.6121791e-002
 -5.3211725e-002
 -5.0393793e-002
 -4.7667988e-002
 -4.5034528e-002
 -4.2494486e-002
 -4.0051270e-002
 -3.7710855e-002
 -3.5480738e-002
 -3.3369255e-002
 -3.1385620e-002
 -2.9539837e-002
 -2.7842403e-002
 -2.6304266e-002
 -2.4936934e-002
 -2.3752347e-002
 -2.2762407e-002
 -2.1978452e-002
 -2.1410737e-002
 -2.1067341e-002
 -2.0952926e-002
 -2.1069205e-002
 -2.1416252e-002
 -2.1991059e-002
 -2.2784089e-002
 -2.3778450e-002
 -2.4952462e-002
 -2.6283234e-002
 -2.7749383e-002
 -2.9331084e-002
 -3.1008545e-002
 -3.2762670e-002
 -3.4578438e-002
 -3.6448440e-002
 -3.8373977e-002
 -4.0361202e-002
 -4.2413815e-002
 -4.4528247e-002
 -4.6693491e-002
 -4.8892623e-002
 -5.1105126e-002
 -5.3311607e-002
 -5.5498867e-002
 -5.7660708e-002
 -5.9795047e-002
 -6.1902240e-002
 -6.3986015e-002
 -6.6054523e-002
 -6.8120325e-002
 -7.0199573e-002
 -7.2309649e-002
 -7.4464938e-002
 -7.6672214e-002
 -7.8926912e-002
 -8.1212653e-002
 -8.3507759e-002
 -8.5795122e-002
 -8.8064714e-002
 -9.0308057e-002
 -9.2514574e-002
 -9.4672357e-002
 -9.6768673e-002
 -9.8789839e-002
 -1.0072218e-001
 -1.0255450e-001
 -1.0428363e-001
 -1.0591994e-001
 -1.0748593e-001
 -1.0900812e-001
 -1.1050982e-001
 -1.1200828e-001
 -1.1351547e-001
 -1.1504086e-001
 -1.1659207e-001
 -1.1817311e-001
 -1.1978418e-001
 -1.2142406e-001
 -1.2309112e-001
 -1.2478276e-001
 -1.2649709e-001
 -1.2823541e-001
 -1.3000023e-001
 -1.3178990e-001
 -1.3359706e-001
 -1.3541185e-001
 -1.3722455e-001
 -1.3902618e-001
 -1.4081008e-001
 -1.4257355e-001
 -1.4431594e-001
 -1.4603425e-001
 -1.4772115e-001
 -1.4936650e-001
 -1.5095846e-001
 -1.5248383e-001
 -1.5393039e-001
 -1.5529039e-001
 -1.5656194e-001
 -1.5774797e-001
 -1.5885446e-001
 -1.5988891e-001
 -1.6086024e-001
 -1.6177884e-001
 -1.6265389e-001
 -1.6348841e-001
 -1.6427629e-001
 -1.6500287e-001
 -1.6564892e-001
 -1.6619556e-001
 -1.6662471e-001
 -1.6691546e-001
 -1.6704440e-001
 -1.6698989e-001
 -1.6673303e-001
 -1.6625489e-001
 -1.6553565e-001
 -1.6455674e-001
 -1.6330414e-001
 -1.6177081e-001
 -1.5995588e-001
 -1.5786121e-001
 -1.5548999e-001
 -1.5284824e-001
 -1.4994706e-001
 -1.4680325e-001
 -1.4343511e-001
 -1.3985565e-001
 -1.3607049e-001
 -1.3208177e-001
 -1.2789305e-001
 -1.2351206e-001
 -1.1895059e-001
 -1.1422183e-001
 -1.0933786e-001
 -1.0430879e-001
 -9.9142973e-002
 -9.3847632e-002
 -8.8429545e-002
 -8.2895077e-002
 -7.7249275e-002
 -7.1494713e-002
 -6.5632209e-002
 -5.9662902e-002
 -5.3588049e-002
 -4.7407089e-002
 -4.1118567e-002
 -3.4723861e-002
 -2.8229654e-002
 -2.1647819e-002
 -1.4993579e-002
 -8.2834493e-003
 -1.5352253e-003
  5.2299132e-003
  1.1985501e-002
  1.8699599e-002
  2.5336972e-002
  3.1862736e-002
  3.8244348e-002
  4.4451779e-002
  5.0459673e-002
  5.6250996e-002
  6.1816872e-002
  6.7153046e-002
  7.2258827e-002
  7.7138546e-002
  8.1800382e-002
  8.6252255e-002
  9.0498159e-002
  9.4536503e-002
  9.8361409e-002
  1.0196568e-001
  1.0534052e-001
  1.0847270e-001
  1.1134671e-001
  1.1395103e-001
  1.1627933e-001
  1.1832633e-001
  1.2008608e-001
  1.2155410e-001
  1.2272923e-001
  1.2361404e-001
  1.2421446e-001
  1.2453899e-001
  1.2459855e-001
  1.2440700e-001
  1.2398198e-001
  1.2334509e-001
  1.2252094e-001
  1.2153520e-001
  1.2041223e-001
  1.1917361e-001
  1.1783989e-001
  1.1643422e-001
  1.1498155e-001
  1.1350410e-001
  1.1202141e-001
  1.1055448e-001
  1.0912573e-001
  1.0775409e-001
  1.0645231e-001
  1.0522764e-001
  1.0408166e-001
  1.0300916e-001
  1.0199980e-001
  1.0104186e-001
  1.0012240e-001
  9.9225048e-002
  9.8333396e-002
  9.7438477e-002
  9.6540207e-002
  9.5642177e-002
  9.4748570e-002
  9.3865209e-002
  9.3000487e-002
  9.2165373e-002
  9.1373546e-002
  9.0641156e-002
  8.9986544e-002
  8.9429165e-002
  8.8984051e-002
  8.8654788e-002
  8.8434972e-002
  8.8316685e-002
  8.8293229e-002
  8.8354559e-002
  8.8485388e-002
  8.8667766e-002
  8.8882172e-002
  8.9106925e-002
  8.9320437e-002
  8.9505186e-002
  8.9647925e-002
  8.9736458e-002
  8.9758863e-002
  8.9705806e-002
  8.9571544e-002
  8.9353149e-002
  8.9050963e-002
  8.8670255e-002
  8.8221967e-002
  8.7722312e-002
  8.7191537e-002
  8.6652670e-002
  8.6132438e-002
  8.5662884e-002
  8.5278182e-002
  8.5007677e-002
  8.4872098e-002
  8.4884345e-002
  8.5051904e-002
  8.5378409e-002
  8.5860576e-002
  8.6482825e-002
  8.7219942e-002
  8.8046301e-002
  8.8937331e-002
  8.9863339e-002
  9.0789331e-002
  9.1682318e-002
  9.2517607e-002
  9.3280478e-002
  9.3962552e-002
  9.4555604e-002
  9.5050737e-002
  9.5443533e-002
  9.5736743e-002
  9.5939046e-002
  9.6065404e-002
  9.6138957e-002
  9.6190404e-002
  9.6254341e-002
  9.6364002e-002
  9.6546488e-002
  9.6821144e-002
  9.7201172e-002
  9.7696095e-002
  9.8313107e-002
  9.9055807e-002
  9.9921362e-002
  1.0090060e-001
  1.0198094e-001
  1.0314652e-001
  1.0437597e-001
  1.0564339e-001
  1.0692289e-001
  1.0819239e-001
  1.0943495e-001
  1.1063726e-001
  1.1178704e-001
  1.1287368e-001
  1.1389204e-001
  1.1484447e-001
  1.1573970e-001
  1.1659085e-001
  1.1741367e-001
  1.1822573e-001
  1.1904638e-001
  1.1989566e-001
  1.2079199e-001
  1.2175096e-001
  1.2278512e-001
  1.2390203e-001
  1.2510104e-001
  1.2637219e-001
  1.2769776e-001
  1.2905434e-001
  1.3041455e-001
  1.3174738e-001
  1.3301791e-001
  1.3418877e-001
  1.3522309e-001
  1.3608558e-001
  1.3674159e-001
  1.3715740e-001
  1.3730196e-001
  1.3714847e-001
  1.3667513e-001
  1.3586647e-001
  1.3471492e-001
  1.3322074e-001
  1.3139093e-001
  1.2923979e-001
  1.2679050e-001
  1.2407377e-001
  1.2112357e-001
  1.1797383e-001
  1.1465702e-001
  1.1120337e-001
  1.0764002e-001
  1.0399004e-001
  1.0027111e-001
  9.6494250e-002
  9.2663207e-002
  8.8775358e-002
  8.4823991e-002
  8.0801155e-002
  7.6700086e-002
  7.2516315e-002
  6.8247612e-002
  6.3893915e-002
  5.9457849e-002
  5.4945159e-002
  5.0365002e-002
  4.5730987e-002
  4.1062202e-002
  3.6381085e-002
  3.1709221e-002
  2.7067513e-002
  2.2479575e-002
  1.7968456e-002
  1.3548529e-002
  9.2257248e-003
  5.0057706e-003
  8.9840148e-004
 -3.0853157e-003
 -6.9380332e-003
 -1.0659742e-002
 -1.4255097e-002
 -1.7726208e-002
 -2.1070846e-002
 -2.4287314e-002
 -2.7377254e-002
 -3.0344592e-002
 -3.3195747e-002
 -3.5941152e-002
 -3.8593456e-002
 -4.1163336e-002
 -4.3659654e-002
 -4.6092475e-002
 -4.8468880e-002
 -5.0783606e-002
 -5.3018705e-002
 -5.5152247e-002
 -5.7162597e-002
 -5.9026330e-002
 -6.0718011e-002
 -6.2213458e-002
 -6.3493908e-002
 -6.4549070e-002
 -6.5375402e-002
 -6.5971152e-002
 -6.6336159e-002
 -6.6476676e-002
 -6.6406955e-002
 -6.6146329e-002
 -6.5718108e-002
 -6.5150286e-002
 -6.4471796e-002
 -6.3706024e-002
 -6.2870186e-002
 -6.1980090e-002
 -6.1051474e-002
 -6.0096712e-002
 -5.9123026e-002
 -5.8133585e-002
 -5.7128588e-002
 -5.6106004e-002
 -5.5063576e-002
 -5.4001125e-002
 -5.2920306e-002
 -5.1822418e-002
 -5.0707894e-002
 -4.9577794e-002
 -4.8434461e-002
 -4.7280715e-002
 -4.6118758e-002
 -4.4949602e-002
 -4.3773891e-002
 -4.2593821e-002
 -4.1414506e-002
 -4.0244206e-002
 -3.9094014e-002
 -3.7977558e-002
 -3.6911177e-002
 -3.5914336e-002
 -3.5009197e-002
 -3.4218870e-002
 -3.3564568e-002
 -3.3062420e-002
 -3.2720904e-002
 -3.2539526e-002
 -3.2509000e-002
 -3.2612324e-002
 -3.2825010e-002
 -3.3114656e-002
 -3.3443427e-002
 -3.3772828e-002
 -3.4063939e-002
 -3.4275157e-002
 -3.4369490e-002
 -3.4327836e-002
 -3.4149924e-002
 -3.3842709e-002
 -3.3412788e-002
 -3.2867462e-002
 -3.2218132e-002
 -3.1482786e-002
 -3.0685382e-002
 -2.9851849e-002
 -2.9007397e-002
 -2.8176292e-002
 -2.7379893e-002
 -2.6633775e-002
 -2.5949761e-002
 -2.5341369e-002
 -2.4824776e-002
 -2.4414887e-002
 -2.4123141e-002
 -2.3958427e-002
 -2.3927667e-002
 -2.4035220e-002
 -2.4282031e-002
 -2.4664750e-002
 -2.5175306e-002
 -2.5801143e-002
 -2.6525901e-002
 -2.7330538e-002
 -2.8194549e-002
 -2.9097570e-002
 -3.0023037e-002
 -3.0962310e-002
 -3.1914473e-002
 -3.2882424e-002
 -3.3870984e-002
 -3.4888129e-002
 -3.5946043e-002
 -3.7060645e-002
 -3.8249552e-002
 -3.9529122e-002
 -4.0912753e-002
 -4.2410755e-002
 -4.4029534e-002
 -4.5770026e-002
 -4.7627720e-002
 -4.9594144e-002
 -5.1657729e-002
 -5.3803935e-002
 -5.6015976e-002
 -5.8276506e-002
 -6.0569698e-002
 -6.2882931e-002
 -6.5207473e-002
 -6.7537692e-002
 -6.9868323e-002
 -7.2191502e-002
 -7.4497171e-002
 -7.6776525e-002
 -7.9024436e-002
 -8.1239403e-002
 -8.3422130e-002
 -8.5573932e-002
 -8.7696630e-002
 -8.9793894e-002
 -9.1871403e-002
 -9.3935477e-002
 -9.5992521e-002
 -9.8049238e-002
 -1.0011163e-001
 -1.0218281e-001
 -1.0426089e-001
 -1.0633766e-001
 -1.0839949e-001
 -1.1042943e-001
 -1.1240654e-001
 -1.1430354e-001
 -1.1608865e-001
 -1.1773143e-001
 -1.1920644e-001
 -1.2049326e-001
 -1.2157522e-001
 -1.2243844e-001
 -1.2307231e-001
 -1.2347118e-001
 -1.2363509e-001
 -1.2356861e-001
 -1.2327915e-001
 -1.2277514e-001
 -1.2206393e-001
 -1.2115008e-001
 -1.2003621e-001
 -1.1872526e-001
 -1.1721972e-001
 -1.1551843e-001
 -1.1361585e-001
 -1.1150439e-001
 -1.0917599e-001
 -1.0662245e-001
 -1.0383630e-001
 -1.0081298e-001
 -9.7554568e-002
 -9.4073106e-002
 -9.0388259e-002
 -8.6520272e-002
 -8.2485372e-002
 -7.8295526e-002
 -7.3958178e-002
 -6.9475650e-002
 -6.4848491e-002
 -6.0081158e-002
 -5.5182336e-002
 -5.0161229e-002
 -4.5030490e-002
 -3.9814371e-002
 -3.4548573e-002
 -2.9271649e-002
 -2.4020695e-002
 -1.8833208e-002
 -1.3746587e-002
 -8.7945120e-003
 -4.0058661e-003
  5.9423273e-004
  4.9856970e-003
  9.1570443e-003
  1.3109013e-002
  1.6856051e-002
  2.0422163e-002
  2.3833476e-002
  2.7116758e-002
  3.0303045e-002
  3.3425380e-002
  3.6510277e-002
  3.9571973e-002
  4.2612332e-002
  4.5625250e-002
  4.8602279e-002
  5.1532046e-002
  5.4395070e-002
  5.7165784e-002
  5.9821867e-002
  6.2349525e-002
  6.4741976e-002
  6.6996159e-002
  6.9110192e-002
  7.1082989e-002
  7.2915946e-002
  7.4613966e-002
  7.6184743e-002
  7.7636907e-002
  7.8978191e-002
  8.0216404e-002
  8.1361742e-002
  8.2424024e-002
  8.3406090e-002
  8.4301539e-002
  8.5098460e-002
  8.5785203e-002
  8.6354856e-002
  8.6804780e-002
  8.7132177e-002
  8.7333406e-002
  8.7407450e-002
  8.7354871e-002
  8.7173123e-002
  8.6858063e-002
  8.6410902e-002
  8.5841521e-002
  8.5165751e-002
  8.4399198e-002
  8.3551536e-002
  8.2627616e-002
  8.1634605e-002
  8.0584689e-002
  7.9491747e-002
  7.8372235e-002
  7.7249099e-002
  7.6144533e-002
  7.5066151e-002
  7.4008984e-002
  7.2971523e-002
  7.1960983e-002
  7.0984517e-002
  7.0044733e-002
  6.9142843e-002
  6.8278364e-002
  6.7445864e-002
  6.6639155e-002
  6.5859905e-002
  6.5115734e-002
  6.4409039e-002
  6.3733954e-002
  6.3082479e-002
  6.2444129e-002
  6.1798967e-002
  6.1118203e-002
  6.0372494e-002
  5.9536154e-002
  5.8586001e-002
  5.7501797e-002
  5.6269486e-002
  5.4884709e-002
  5.3354781e-002
  5.1696459e-002
  4.9930564e-002
  4.8079166e-002
  4.6166101e-002
  4.4216530e-002
  4.2254479e-002
  4.0300557e-002
  3.8370525e-002
  3.6474120e-002
  3.4614609e-002
  3.2790379e-002
  3.0997393e-002
  2.9229004e-002
  2.7473665e-002
  2.5715163e-002
  2.3936035e-002
  2.2120950e-002
  2.0258964e-002
  1.8345505e-002
  1.6383972e-002
  1.4386297e-002
  1.2372723e-002
  1.0371295e-002
  8.4169138e-003
  6.5495869e-003
  4.8116775e-003
  3.2438025e-003
  1.8808148e-003
  7.5036222e-004
 -1.2590668e-004
 -7.2999841e-004
 -1.0463391e-003
 -1.0649597e-003
 -7.8703928e-004
 -2.2525253e-004
  6.0145486e-004
  1.6715854e-003
  2.9613736e-003
  4.4450160e-003
  6.0956765e-003
  7.8860321e-003
  9.7888562e-003
  1.1779278e-002
  1.3837597e-002
  1.5948618e-002
  1.8098100e-002
  2.0272320e-002
  2.2460392e-002
  2.4652184e-002
  2.6832812e-002
  2.8982345e-002
  3.1081327e-002
  3.3114644e-002
  3.5072197e-002
  3.6951154e-002
  3.8758700e-002
  4.0508662e-002
  4.2213950e-002
  4.3884819e-002
  4.5532970e-002
  4.7171633e-002
  4.8811126e-002
  5.0457875e-002
  5.2117625e-002
  5.3798168e-002
  5.5509470e-002
  5.7260170e-002
  5.9052240e-002
  6.0879635e-002
  6.2731617e-002
  6.4593992e-002
  6.6448250e-002
  6.8276522e-002
  7.0069603e-002
  7.1825472e-002
  7.3539511e-002
  7.5199793e-002
  7.6790537e-002
  7.8297317e-002
  7.9710505e-002
  8.1025690e-002
  8.2240989e-002
  8.3353885e-002
  8.4359714e-002
  8.5251852e-002
  8.6023076e-002
  8.6667017e-002
  8.7178352e-002
  8.7551151e-002
  8.7776181e-002
  8.7838960e-002
  8.7719801e-002
  8.7395871e-002
  8.6844343e-002
  8.6045016e-002
  8.4981477e-002
  8.3640756e-002
  8.2012305e-002
  8.0087971e-002
  7.7863119e-002
  7.5337004e-002
  7.2512155e-002
  6.9395200e-002
  6.5998753e-002
  6.2340449e-002
  5.8440317e-002
  5.4323723e-002
  5.0027697e-002
  4.5598978e-002
  4.1084650e-002
  3.6527135e-002
  3.1965325e-002
  2.7437016e-002
  2.2978370e-002
  1.8612826e-002
  1.4336344e-002
  1.0122495e-002
  5.9446196e-003
  1.7854745e-003
 -2.3701606e-003
 -6.5392167e-003
 -1.0735736e-002
 -1.4967845e-002
 -1.9237364e-002
 -2.3536764e-002
 -2.7846092e-002
 -3.2137476e-002
 -3.6384978e-002
 -4.0569583e-002
 -4.4677265e-002
 -4.8695548e-002
 -5.2612284e-002
 -5.6418938e-002
 -6.0116549e-002
 -6.3718890e-002
 -6.7250192e-002
 -7.0737660e-002
 -7.4203342e-002
 -7.7664468e-002
 -8.1140787e-002
 -8.4656345e-002
 -8.8233581e-002
 -9.1887893e-002
 -9.5626049e-002
 -9.9447927e-002
 -1.0335045e-001
 -1.0732956e-001
 -1.1137983e-001
 -1.1549646e-001
 -1.1967963e-001
 -1.2393467e-001
 -1.2826853e-001
 -1.3268945e-001
 -1.3720905e-001
 -1.4183906e-001
 -1.4658337e-001
 -1.5143321e-001
 -1.5636728e-001
 -1.6135369e-001
 -1.6635168e-001
 -1.7131163e-001
 -1.7617437e-001
 -1.8087313e-001
 -1.8533898e-001
 -1.8951002e-001
 -1.9334009e-001
 -1.9679834e-001
 -1.9986186e-001
 -2.0251494e-001
 -2.0475614e-001
 -2.0660059e-001
 -2.0807543e-001
 -2.0921594e-001
 -2.1006350e-001
 -2.1066138e-001
 -2.1104964e-001
 -2.1126326e-001
 -2.1133354e-001
 -2.1128845e-001
 -2.1115137e-001
 -2.1094036e-001
 -2.1066852e-001
 -2.1034353e-001
 -2.0996706e-001
 -2.0953604e-001
 -2.0904545e-001
 -2.0849022e-001
 -2.0786569e-001
 -2.0716808e-001
 -2.0639500e-001
 -2.0554575e-001
 -2.0462093e-001
 -2.0362106e-001
 -2.0254482e-001
 -2.0138895e-001
 -2.0015001e-001
 -1.9882580e-001
 -1.9741603e-001
 -1.9592309e-001
 -1.9435287e-001
 -1.9271418e-001
 -1.9101710e-001
 -1.8927264e-001
 -1.8749337e-001
 -1.8569319e-001
 -1.8388572e-001
 -1.8208249e-001
 -1.8029161e-001
 -1.7851706e-001
 -1.7675865e-001
 -1.7501299e-001
 -1.7327453e-001
 -1.7153508e-001
 -1.6978219e-001
 -1.6799932e-001
 -1.6616809e-001
 -1.6426997e-001
 -1.6228688e-001
 -1.6020164e-001
 -1.5799863e-001
 -1.5566509e-001
 -1.5319281e-001
 -1.5057916e-001
 -1.4782718e-001
 -1.4494451e-001
 -1.4194202e-001
 -1.3883356e-001
 -1.3563674e-001
 -1.3237203e-001
 -1.2906079e-001
 -1.2572506e-001
 -1.2238924e-001
 -1.1908232e-001
 -1.1583847e-001
 -1.1269326e-001
 -1.0967718e-001
 -1.0681324e-001
 -1.0411920e-001
 -1.0160810e-001
 -9.9286093e-002
 -9.7152587e-002
 -9.5202622e-002
 -9.3427809e-002
 -9.1815647e-002
 -9.0349422e-002
 -8.9009401e-002
 -8.7775915e-002
 -8.6632822e-002
 -8.5567017e-002
 -8.4564955e-002
 -8.3613218e-002
 -8.2702931e-002
 -8.1830284e-002
 -8.0992672e-002
 -8.0187191e-002
 -7.9412035e-002
 -7.8665548e-002
 -7.7943263e-002
 -7.7237890e-002
 -7.6542166e-002
 -7.5850270e-002
 -7.5157034e-002
 -7.4457044e-002
 -7.3744523e-002
 -7.3014057e-002
 -7.2261963e-002
 -7.1487240e-002
 -7.0691568e-002
 -6.9879027e-002
 -6.9055520e-002
 -6.8227178e-002
 -6.7398442e-002
 -6.6571799e-002
 -6.5749120e-002
 -6.4932419e-002
 -6.4123501e-002
 -6.3324390e-002
 -6.2538127e-002
 -6.1766854e-002
 -6.1008599e-002
 -6.0258393e-002
 -5.9513159e-002
 -5.8773972e-002
 -5.8044492e-002
 -5.7329394e-002
 -5.6633957e-002
 -5.5963823e-002
 -5.5324645e-002
 -5.4721400e-002
 -5.4157039e-002
 -5.3630761e-002
 -5.3136572e-002
 -5.2662482e-002
 -5.2190889e-002
 -5.1701336e-002
 -5.1174161e-002
 -5.0590679e-002
 -4.9930492e-002
 -4.9171809e-002
 -4.8294924e-002
 -4.7283177e-002
 -4.6120902e-002
 -4.4792864e-002
 -4.3285643e-002
 -4.1588080e-002
 -3.9690651e-002
 -3.7585479e-002
 -3.5267117e-002
 -3.2733474e-002
 -2.9986223e-002
 -2.7029638e-002
 -2.3868482e-002
 -2.0507710e-002
 -1.6953971e-002
 -1.3215870e-002
 -9.3028403e-003
 -5.2252962e-003
 -9.9604429e-004
  3.3693047e-003
  7.8533556e-003
  1.2438458e-002
  1.7108129e-002
  2.1847801e-002
  2.6644918e-002
  3.1489290e-002
  3.6373804e-002
  4.1294453e-002
  4.6249698e-002
  5.1240229e-002
  5.6268951e-002
  6.1340007e-002
  6.6457023e-002
  7.1621340e-002
  7.6831151e-002
  8.2082965e-002
  8.7374196e-002
  9.2702985e-002
  9.8065448e-002
  1.0345430e-001
  1.0886001e-001
  1.1427310e-001
  1.1968625e-001
  1.2509430e-001
  1.3049250e-001
  1.3587583e-001
  1.4123985e-001
  1.4658048e-001
  1.5189269e-001
  1.5717049e-001
  1.6240815e-001
  1.6760034e-001
  1.7274138e-001
  1.7782626e-001
  1.8285297e-001
  1.8782327e-001
  1.9274155e-001
  1.9761358e-001
  2.0244589e-001
  2.0724540e-001
  2.1201894e-001
  2.1677357e-001
  2.2151664e-001
  2.2625245e-001
  2.3097749e-001
  2.3568055e-001
  2.4034766e-001
  2.4496442e-001
  2.4951436e-001
  2.5397825e-001
  2.5833530e-001
  2.6256303e-001
  2.6663665e-001
  2.7053139e-001
  2.7422672e-001
  2.7770787e-001
  2.8096392e-001
  2.8398526e-001
  2.8676222e-001
  2.8928605e-001
  2.9155155e-001
  2.9355769e-001
  2.9530582e-001
  2.9679877e-001
  2.9804140e-001
  2.9904108e-001
  2.9980760e-001
  3.0035301e-001
  3.0069124e-001
  3.0083803e-001
  3.0081105e-001
  3.0062987e-001
  3.0031546e-001
  2.9988858e-001
  2.9936736e-001
  2.9876567e-001
  2.9809273e-001
  2.9735295e-001
  2.9654632e-001
  2.9566923e-001
  2.9471589e-001
  2.9367999e-001
  2.9255594e-001
  2.9133799e-001
  2.9001819e-001
  2.8858802e-001
  2.8704251e-001
  2.8538067e-001
  2.8360189e-001
  2.8170396e-001
  2.7968423e-001
  2.7754167e-001
  2.7527826e-001
  2.7289834e-001
  2.7040596e-001
  2.6780346e-001
  2.6509176e-001
  2.6227073e-001
  2.5933923e-001
  2.5629543e-001
  2.5313756e-001
  2.4986480e-001
  2.4647796e-001
  2.4297946e-001
  2.3937297e-001
  2.3566277e-001
  2.3185351e-001
  2.2795120e-001
  2.2396448e-001
  2.1990338e-001
  2.1577608e-001
  2.1158814e-001
  2.0734469e-001
  2.0305218e-001
  1.9871889e-001
  1.9435502e-001
  1.8997275e-001
  1.8558634e-001
  1.8121225e-001
  1.7686816e-001
  1.7257130e-001
  1.6833757e-001
  1.6418173e-001
  1.6011721e-001
  1.5615553e-001
  1.5230526e-001
  1.4857140e-001
  1.4495601e-001
  1.4145995e-001
  1.3808345e-001
  1.3482547e-001
  1.3168357e-001
  1.2865458e-001
  1.2573584e-001
  1.2292611e-001
  1.2022542e-001
  1.1763391e-001
  1.1515089e-001
  1.1277453e-001
  1.1050303e-001
  1.0833606e-001
  1.0627248e-001
  1.0430595e-001
  1.0242641e-001
  1.0062649e-001
  9.8902866e-002
  9.7251964e-002
  9.5667883e-002
  9.4144178e-002
  9.2675903e-002
  9.1260463e-002
  8.9896580e-002
  8.8581914e-002
  8.7312491e-002
  8.6084009e-002
  8.4891226e-002
  8.3725607e-002
  8.2575492e-002
  8.1428824e-002
  8.0274197e-002
  7.9100173e-002
  7.7897048e-002
  7.6660443e-002
  7.5391455e-002
  7.4093621e-002
  7.2772094e-002
  7.1435276e-002
  7.0094512e-002
  6.8761429e-002
  6.7445570e-002
  6.6153387e-002
  6.4889003e-002
  6.3655828e-002
  6.2456019e-002
  6.1288167e-002
  6.0147314e-002
  5.9027449e-002
  5.7922903e-002
  5.6827846e-002
  5.5735452e-002
  5.4637535e-002
  5.3525303e-002
  5.2390842e-002
  5.1227474e-002
  5.0028803e-002
  4.8788120e-002
  4.7498563e-002
  4.6153203e-002
  4.4744913e-002
  4.3266316e-002
  4.1709892e-002
  4.0068213e-002
  3.8334286e-002
  3.6502205e-002
  3.4567651e-002
  3.2526878e-002
  3.0374968e-002
  2.8106140e-002
  2.5716068e-002
  2.3203337e-002
  2.0569130e-002
  1.7816157e-002
  1.4947427e-002
  1.1965090e-002
  8.8698723e-003
  5.6615634e-003
  2.3400316e-003
 -1.0943701e-003
 -4.6411668e-003
 -8.3000892e-003
 -1.2070936e-002
 -1.5952827e-002
 -1.9943284e-002
 -2.4038359e-002
 -2.8233668e-002
 -3.2524832e-002
 -3.6907034e-002
 -4.1374539e-002
 -4.5920653e-002
 -5.0538283e-002
 -5.5220895e-002
 -5.9963147e-002
 -6.4760845e-002
 -6.9610788e-002
 -7.4510542e-002
 -7.9457424e-002
 -8.4447366e-002
 -8.9475630e-002
 -9.4538835e-002
 -9.9635427e-002
 -1.0476419e-001
 -1.0992298e-001
 -1.1510846e-001
 -1.2031576e-001
 -1.2553832e-001
 -1.3076886e-001
 -1.3600090e-001
 -1.4122828e-001
 -1.4644326e-001
 -1.5163697e-001
 -1.5680189e-001
 -1.6193209e-001
 -1.6702104e-001
 -1.7206034e-001
 -1.7704030e-001
 -1.8195133e-001
 -1.8678553e-001
 -1.9153702e-001
 -1.9620104e-001
 -2.0077310e-001
 -2.0524862e-001
 -2.0962307e-001
 -2.1389215e-001
 -2.1805240e-001
 -2.2210170e-001
 -2.2603910e-001
 -2.2986421e-001
 -2.3357707e-001
 -2.3717856e-001
 -2.4067058e-001
 -2.4405568e-001
 -2.4733586e-001
 -2.5051119e-001
 -2.5357894e-001
 -2.5653363e-001
 -2.5936797e-001
 -2.6207410e-001
 -2.6464362e-001
 -2.6706665e-001
 -2.6933174e-001
 -2.7142695e-001
 -2.7334060e-001
 -2.7506149e-001
 -2.7657999e-001
 -2.7788939e-001
 -2.7898535e-001
 -2.7986389e-001
 -2.8052206e-001
 -2.8096077e-001
 -2.8118549e-001
 -2.8120436e-001
 -2.8102653e-001
 -2.8066170e-001
 -2.8011979e-001
 -2.7941052e-001
 -2.7854241e-001
 -2.7752143e-001
 -2.7635076e-001
 -2.7503186e-001
 -2.7356574e-001
 -2.7195407e-001
 -2.7019923e-001
 -2.6830377e-001
 -2.6627035e-001
 -2.6410235e-001
 -2.6180375e-001
 -2.5937830e-001
 -2.5682890e-001
 -2.5415765e-001
 -2.5136612e-001
 -2.4845598e-001
 -2.4542922e-001
 -2.4228832e-001
 -2.3903681e-001
 -2.3568018e-001
 -2.3222584e-001
 -2.2868229e-001
 -2.2505901e-001
 -2.2136699e-001
 -2.1761927e-001
 -2.1383074e-001
 -2.1001714e-001
 -2.0619359e-001
 -2.0237372e-001
 -1.9856970e-001
 -1.9479274e-001
 -1.9105335e-001
 -1.8736071e-001
 -1.8372134e-001
 -1.8013965e-001
 -1.7661981e-001
 -1.7316627e-001
 -1.6978264e-001
 -1.6647121e-001
 -1.6323353e-001
 -1.6007097e-001
 -1.5698491e-001
 -1.5397547e-001
 -1.5103979e-001
 -1.4817278e-001
 -1.4536995e-001
 -1.4262786e-001
 -1.3994216e-001
 -1.3730741e-001
 -1.3471894e-001
 -1.3217272e-001
 -1.2966366e-001
 -1.2718638e-001
 -1.2473832e-001
 -1.2232176e-001
 -1.1994363e-001
 -1.1761286e-001
 -1.1533711e-001
 -1.1312257e-001
 -1.1097643e-001
 -1.0890638e-001
 -1.0691696e-001
 -1.0500759e-001
 -1.0317351e-001
 -1.0140751e-001
 -9.9701527e-002
 -9.8047927e-002
 -9.6440025e-002
 -9.4872297e-002
 -9.3340586e-002
 -9.1842585e-002
 -9.0378407e-002
 -8.8950605e-002
 -8.7563539e-002
 -8.6222650e-002
 -8.4933902e-002
 -8.3703388e-002
 -8.2536992e-002
 -8.1439806e-002
 -8.0415369e-002
 -7.9465220e-002
 -7.8588960e-002
 -7.7784761e-002
 -7.7050114e-002
 -7.6382383e-002
 -7.5779088e-002
 -7.5238377e-002
 -7.4759556e-002
 -7.4342807e-002
 -7.3988228e-002
 -7.3695465e-002
 -7.3463819e-002
 -7.3291630e-002
 -7.3174991e-002
 -7.3106895e-002
 -7.3077326e-002
 -7.3074406e-002
 -7.3085970e-002
 -7.3100283e-002
 -7.3105669e-002
 -7.3089982e-002
 -7.3040507e-002
 -7.2944471e-002
 -7.2789925e-002
 -7.2566182e-002
 -7.2263711e-002
 -7.1874056e-002
 -7.1390110e-002
 -7.0806839e-002
 -7.0122030e-002
 -6.9335968e-002
 -6.8450090e-002
 -6.7465989e-002
 -6.6385096e-002
 -6.5208139e-002
 -6.3934512e-002
 -6.2562480e-002
 -6.1090141e-002
 -5.9516203e-002
 -5.7840274e-002
 -5.6062964e-002
 -5.4185797e-002
 -5.2210794e-002
 -5.0139877e-002
 -4.7974340e-002
 -4.5714568e-002
 -4.3359944e-002
 -4.0908989e-002
 -3.8359809e-002
 -3.5710705e-002
 -3.2960524e-002
 -3.0108742e-002
 -2.7155705e-002
 -2.4103046e-002
 -2.0953780e-002
 -1.7712154e-002
 -1.4383606e-002
 -1.0974794e-002
 -7.4935195e-003
 -3.9482476e-003
 -3.4655356e-004
  3.3068282e-003
  7.0101173e-003
  1.0763003e-002
  1.4566327e-002
  1.8423033e-002
  2.2338045e-002
  2.6316702e-002
  3.0362778e-002
  3.4477076e-002
  3.8657958e-002
  4.2903362e-002
  4.7211598e-002
  5.1580565e-002
  5.6007731e-002
  6.0490957e-002
  6.5028068e-002
  6.9615363e-002
  7.4247217e-002
  7.8916906e-002
  8.3617238e-002
  8.8340525e-002
  9.3078283e-002
  9.7820854e-002
  1.0255738e-001
  1.0727619e-001
  1.1196469e-001
  1.1660922e-001
  1.2119620e-001
  1.2571432e-001
  1.3015477e-001
  1.3450962e-001
  1.3877082e-001
  1.4293057e-001
  1.4698179e-001
  1.5091854e-001
  1.5473648e-001
  1.5843320e-001
  1.6200818e-001
  1.6546229e-001
  1.6879675e-001
  1.7201198e-001
  1.7510745e-001
  1.7808233e-001
  1.8093564e-001
  1.8366560e-001
  1.8626942e-001
  1.8874369e-001
  1.9108444e-001
  1.9328710e-001
  1.9534673e-001
  1.9725874e-001
  1.9901920e-001
  2.0062482e-001
  2.0207282e-001
  2.0336103e-001
  2.0448779e-001
  2.0545199e-001
  2.0625296e-001
  2.0689064e-001
  2.0736580e-001
  2.0768030e-001
  2.0783716e-001
  2.0784039e-001
  2.0769455e-001
  2.0740449e-001
  2.0697524e-001
  2.0641230e-001
  2.0572131e-001
  2.0490750e-001
  2.0397503e-001
  2.0292692e-001
  2.0176531e-001
  2.0049209e-001
  1.9910872e-001
  1.9761555e-001
  1.9601180e-001
  1.9429632e-001
  1.9246812e-001
  1.9052666e-001
  1.8847190e-001
  1.8630450e-001
  1.8402636e-001
  1.8164129e-001
  1.7915463e-001
  1.7657206e-001
  1.7389886e-001
  1.7113995e-001
  1.6830057e-001
  1.6538699e-001
  1.6240660e-001
  1.5936726e-001
  1.5627724e-001
  1.5314560e-001
  1.4998186e-001
  1.4679502e-001
  1.4359359e-001
  1.4038657e-001
  1.3718324e-001
  1.3399205e-001
  1.3082026e-001
  1.2767466e-001
  1.2456170e-001
  1.2148682e-001
  1.1845449e-001
  1.1546880e-001
  1.1253343e-001
  1.0965117e-001
  1.0682380e-001
  1.0405269e-001
  1.0133923e-001
  9.8684997e-002
  9.6091948e-002
  9.3562554e-002
  9.1099899e-002
  8.8707642e-002
  8.6389606e-002
  8.4149161e-002
  8.1989032e-002
  7.9911502e-002
  7.7918256e-002
  7.6009849e-002
  7.4185335e-002
  7.2442300e-002
  7.0777281e-002
  6.9186369e-002
  6.7665533e-002
  6.6210636e-002
  6.4817508e-002
  6.3482230e-002
  6.2201623e-002
  6.0973730e-002
  5.9797763e-002
  5.8673656e-002
  5.7602089e-002
  5.6584947e-002
  5.5625294e-002
  5.4726707e-002
  5.3892753e-002
  5.3126706e-002
  5.2431034e-002
  5.1806869e-002
  5.1254177e-002
  5.0772594e-002
  5.0362143e-002
  5.0023516e-002
  4.9757976e-002
  4.9566908e-002
  4.9451176e-002
  4.9410470e-002
  4.9442492e-002
  4.9542369e-002
  4.9703209e-002
  4.9917496e-002
  5.0177806e-002
  5.0476612e-002
  5.0806346e-002
  5.1159853e-002
  5.1530201e-002
  5.1910031e-002
  5.2291723e-002
  5.2668224e-002
  5.3033131e-002
  5.3379962e-002
  5.3701905e-002
  5.3992277e-002
  5.4244797e-002
  5.4453682e-002
  5.4614535e-002
  5.4725524e-002
  5.4786781e-002
  5.4798365e-002
  5.4759513e-002
  5.4669380e-002
  5.4526949e-002
  5.4329977e-002
  5.4074770e-002
  5.3756925e-002
  5.3371880e-002
  5.2914995e-002
  5.2381566e-002
  5.1766943e-002
  5.1066655e-002
  5.0276628e-002
  4.9393844e-002
  4.8416956e-002
  4.7345556e-002
  4.6178540e-002
  4.4913804e-002
  4.3549425e-002
  4.2084510e-002
  4.0519167e-002
  3.8854346e-002
  3.7091763e-002
  3.5233801e-002
  3.3283492e-002
  3.1244796e-002
  2.9122878e-002
  2.6923627e-002
  2.4652596e-002
  2.2314660e-002
  1.9914371e-002
  1.7455556e-002
  1.4940283e-002
  1.2369016e-002
  9.7418815e-003
  7.0591811e-003
  4.3209519e-003
  1.5269751e-003
 -1.3226794e-003
 -4.2277057e-003
 -7.1881362e-003
 -1.0204306e-002
 -1.3276300e-002
 -1.6404023e-002
 -1.9587866e-002
 -2.2828985e-002
 -2.6128954e-002
 -2.9489150e-002
 -3.2910188e-002
 -3.6391744e-002
 -3.9932784e-002
 -4.3531536e-002
 -4.7185200e-002
 -5.0890304e-002
 -5.4643440e-002
 -5.8440717e-002
 -6.2276313e-002
 -6.6142383e-002
 -7.0030400e-002
 -7.3931814e-002
 -7.7837682e-002
 -8.1738517e-002
 -8.5624537e-002
 -8.9485805e-002
 -9.3312191e-002
 -9.7093180e-002
 -1.0081776e-001
 -1.0447509e-001
 -1.0805562e-001
 -1.1155155e-001
 -1.1495637e-001
 -1.1826432e-001
 -1.2147004e-001
 -1.2456837e-001
 -1.2755403e-001
 -1.3042148e-001
 -1.3316483e-001
 -1.3577787e-001
 -1.3825434e-001
 -1.4058855e-001
 -1.4277620e-001
 -1.4481527e-001
 -1.4670640e-001
 -1.4845207e-001
 -1.5005511e-001
 -1.5151829e-001
 -1.5284510e-001
 -1.5403980e-001
 -1.5510647e-001
 -1.5604863e-001
 -1.5686954e-001
 -1.5757223e-001
 -1.5815929e-001
 -1.5863266e-001
 -1.5899380e-001
 -1.5924381e-001
 -1.5938374e-001
 -1.5941473e-001
 -1.5933802e-001
 -1.5915516e-001
 -1.5886812e-001
 -1.5847942e-001
 -1.5799196e-001
 -1.5740864e-001
 -1.5673202e-001
 -1.5596425e-001
 -1.5510738e-001
 -1.5416323e-001
 -1.5313291e-001
 -1.5201710e-001
 -1.5081674e-001
 -1.4953301e-001
 -1.4816656e-001
 -1.4671707e-001
 -1.4518338e-001
 -1.4356383e-001
 -1.4185655e-001
 -1.4006008e-001
 -1.3817420e-001
 -1.3619984e-001
 -1.3413840e-001
 -1.3199175e-001
 -1.2976276e-001
 -1.2745516e-001
 -1.2507271e-001
 -1.2261869e-001
 -1.2009615e-001
 -1.1750831e-001
 -1.1485906e-001
 -1.1215284e-001
 -1.0939432e-001
 -1.0658831e-001
 -1.0374027e-001
 -1.0085661e-001
 -9.7944863e-002
 -9.5013310e-002
 -9.2070559e-002
 -8.9125261e-002
 -8.6186104e-002
 -8.3261457e-002
 -8.0358791e-002
 -7.7484682e-002
 -7.4645355e-002
 -7.1846988e-002
 -6.9095628e-002
 -6.6397042e-002
 -6.3756674e-002
 -6.1180097e-002
 -5.8673576e-002
 -5.6243484e-002
 -5.3894873e-002
 -5.1631103e-002
 -4.9454690e-002
 -4.7367889e-002
 -4.5372581e-002
 -4.3469919e-002
 -4.1660017e-002
 -3.9942143e-002
 -3.8315307e-002
 -3.6778366e-002
 -3.5329582e-002
 -3.3966592e-002
 -3.2686799e-002
 -3.1487192e-002
 -3.0363825e-002
 -2.9312127e-002
 -2.8327988e-002
 -2.7408650e-002
 -2.6552880e-002
 -2.5760136e-002
 -2.5029268e-002
 -2.4358479e-002
 -2.3746383e-002
 -2.3191779e-002
 -2.2692222e-002
 -2.2243966e-002
 -2.1843377e-002
 -2.1487600e-002
 -2.1174198e-002
 -2.0900983e-002
 -2.0666315e-002
 -2.0469359e-002
 -2.0310168e-002
 -2.0189708e-002
 -2.0109694e-002
 -2.0072030e-002
 -2.0078086e-002
 -2.0128531e-002
 -2.0223664e-002
 -2.0363390e-002
 -2.0546742e-002
 -2.0771756e-002
 -2.1035748e-002
 -2.1335250e-002
 -2.1665731e-002
 -2.2022091e-002
 -2.2399713e-002
 -2.2794629e-002
 -2.3202813e-002
 -2.3620183e-002
 -2.4043246e-002
 -2.4468651e-002
 -2.4891869e-002
 -2.5306851e-002
 -2.5706865e-002
 -2.6085172e-002
 -2.6435112e-002
 -2.6749947e-002
 -2.7022612e-002
 -2.7245520e-002
 -2.7410645e-002
 -2.7509982e-002
 -2.7536163e-002
 -2.7482729e-002
 -2.7343963e-002
 -2.7114653e-002
 -2.6789990e-002
 -2.6365704e-002
 -2.5838342e-002
 -2.5205289e-002
 -2.4464568e-002
 -2.3615006e-002
 -2.2656671e-002
 -2.1590671e-002
 -2.0418420e-002
 -1.9141375e-002
 -1.7761335e-002
 -1.6280578e-002
 -1.4701673e-002
 -1.3027159e-002
 -1.1259321e-002
 -9.4004238e-003
 -7.4532676e-003
 -5.4212454e-003
 -3.3078912e-003
 -1.1167502e-003
  1.1483773e-003
  3.4835006e-003
  5.8848506e-003
  8.3491857e-003
  1.0873837e-002
  1.3456513e-002
  1.6094993e-002
  1.8787052e-002
  2.1530589e-002
  2.4323640e-002
  2.7164160e-002
  3.0049726e-002
  3.2977283e-002
  3.5943242e-002
  3.8943805e-002
  4.1974918e-002
  4.5031907e-002
  4.8109613e-002
  5.1202987e-002
  5.4307356e-002
  5.7418271e-002
  6.0531351e-002
  6.3642334e-002
  6.6747421e-002
  6.9843722e-002
  7.2929054e-002
  7.6001231e-002
  7.9057958e-002
  8.2097330e-002
  8.5117694e-002
  8.8116917e-002
  9.1092183e-002
  9.4040417e-002
  9.6958548e-002
  9.9843385e-002
  1.0269144e-001
  1.0549880e-001
  1.0826091e-001
  1.1097242e-001
  1.1362772e-001
  1.1622178e-001
  1.1875017e-001
  1.2120821e-001
  1.2359069e-001
  1.2589232e-001
  1.2810803e-001
  1.3023285e-001
  1.3226206e-001
  1.3419132e-001
  1.3601665e-001
  1.3773414e-001
  1.3934005e-001
  1.4083120e-001
  1.4220506e-001
  1.4345945e-001
  1.4459266e-001
  1.4560398e-001
  1.4649386e-001
  1.4726374e-001
  1.4791592e-001
  1.4845341e-001
  1.4887982e-001
  1.4919917e-001
  1.4941570e-001
  1.4953360e-001
  1.4955682e-001
  1.4948881e-001
  1.4933249e-001
  1.4909033e-001
  1.4876448e-001
  1.4835703e-001
  1.4786984e-001
  1.4730432e-001
  1.4666153e-001
  1.4594266e-001
  1.4514925e-001
  1.4428298e-001
  1.4334574e-001
  1.4233984e-001
  1.4126779e-001
  1.4013163e-001
  1.3893266e-001
  1.3767151e-001
  1.3634839e-001
  1.3496313e-001
  1.3351549e-001
  1.3200549e-001
  1.3043367e-001
  1.2880102e-001
  1.2710882e-001
  1.2535831e-001
  1.2355082e-001
  1.2168822e-001
  1.1977284e-001
  1.1780707e-001
  1.1579333e-001
  1.1373457e-001
  1.1163427e-001
  1.0949612e-001
  1.0732399e-001
  1.0512223e-001
  1.0289541e-001
  1.0064773e-001
  9.8383180e-002
  9.6106481e-002
  9.3823448e-002
  9.1540651e-002
  8.9265049e-002
  8.7003835e-002
  8.4764473e-002
  8.2554792e-002
  8.0382785e-002
  7.8256129e-002
  7.6181988e-002
  7.4167152e-002
  7.2217985e-002
  7.0340172e-002
  6.8538730e-002
  6.6818248e-002
  6.5182790e-002
  6.3635547e-002
  6.2178874e-002
  6.0814725e-002
  5.9544829e-002
  5.8370542e-002
  5.7292731e-002
  5.6311803e-002
  5.5427730e-002
  5.4640036e-002
  5.3947733e-002
  5.3349235e-002
  5.2842281e-002
  5.2423980e-002
  5.2091207e-002
  5.1841150e-002
  5.1671297e-002
  5.1578925e-002
  5.1560949e-002
  5.1614255e-002
  5.1735800e-002
  5.1922478e-002
  5.2171337e-002
  5.2480038e-002
  5.2846813e-002
  5.3269934e-002
  5.3747378e-002
  5.4276800e-002
  5.4855569e-002
  5.5480703e-002
  5.6148570e-002
  5.6854544e-002
  5.7593197e-002
  5.8358963e-002
  5.9146473e-002
  5.9950413e-002
  6.0765426e-002
  6.1586168e-002
  6.2407382e-002
  6.3223922e-002
  6.4030616e-002
  6.4822027e-002
  6.5592527e-002
  6.6336635e-002
  6.7049027e-002
  6.7724297e-002
  6.8357118e-002
  6.8942763e-002
  6.9477400e-002
  6.9957943e-002
  7.0381589e-002
  7.0745279e-002
  7.1045503e-002
  7.1278489e-002
  7.1440394e-002
  7.1527316e-002
  7.1535285e-002
  7.1460252e-002
  7.1297982e-002
  7.1043988e-002
  7.0693874e-002
  7.0243900e-002
  6.9690957e-002
  6.9031997e-002
  6.8263847e-002
  6.7383497e-002
  6.6388230e-002
  6.5275478e-002
  6.4042732e-002
  6.2687626e-002
  6.1208132e-002
  5.9602830e-002
  5.7871120e-002
  5.6013251e-002
  5.4030043e-002
  5.1922455e-002
  4.9691417e-002
  4.7338013e-002
  4.4863815e-002
  4.2271149e-002
  3.9563007e-002
  3.6742683e-002
  3.3813718e-002
  3.0780172e-002
  2.7646381e-002
  2.4416378e-002
  2.1094325e-002
  1.7685624e-002
  1.4196898e-002
  1.0634800e-002
  7.0053288e-003
  3.3140251e-003
 -4.3393077e-004
 -4.2338456e-003
 -8.0812640e-003
 -1.1971571e-002
 -1.5900204e-002
 -1.9863373e-002
 -2.3858583e-002
 -2.7884630e-002
 -3.1940888e-002
 -3.6026340e-002
 -4.0139480e-002
 -4.4279019e-002
 -4.8443825e-002
 -5.2632077e-002
 -5.6841198e-002
 -6.1068607e-002
 -6.5312016e-002
 -6.9569094e-002
 -7.3837248e-002
 -7.8113700e-002
 -8.2395630e-002
 -8.6680301e-002
 -9.0965075e-002
 -9.5247275e-002
 -9.9524004e-002
 -1.0379200e-001
 -1.0804758e-001
 -1.1228668e-001
 -1.1650489e-001
 -1.2069734e-001
 -1.2485860e-001
 -1.2898254e-001
 -1.3306225e-001
 -1.3709023e-001
 -1.4105869e-001
 -1.4496011e-001
 -1.4878734e-001
 -1.5253345e-001
 -1.5619205e-001
 -1.5975789e-001
 -1.6322672e-001
 -1.6659445e-001
 -1.6985655e-001
 -1.7300814e-001
 -1.7604424e-001
 -1.7896021e-001
 -1.8175209e-001
 -1.8441669e-001
 -1.8695135e-001
 -1.8935343e-001
 -1.9162002e-001
 -1.9374782e-001
 -1.9573301e-001
 -1.9757119e-001
 -1.9925748e-001
 -2.0078689e-001
 -2.0215517e-001
 -2.0335973e-001
 -2.0439951e-001
 -2.0527407e-001
 -2.0598313e-001
 -2.0652685e-001
 -2.0690601e-001
 -2.0712178e-001
 -2.0717560e-001
 -2.0706920e-001
 -2.0680454e-001
 -2.0638392e-001
 -2.0580992e-001
 -2.0508528e-001
 -2.0421294e-001
 -2.0319625e-001
 -2.0203898e-001
 -2.0074515e-001
 -1.9931895e-001
 -1.9776460e-001
 -1.9608627e-001
 -1.9428809e-001
 -1.9237451e-001
 -1.9035085e-001
 -1.8822328e-001
 -1.8599835e-001
 -1.8368250e-001
 -1.8128196e-001
 -1.7880246e-001
 -1.7624905e-001
 -1.7362638e-001
 -1.7093931e-001
 -1.6819307e-001
 -1.6539277e-001
 -1.6254327e-001
 -1.5964939e-001
 -1.5671618e-001
 -1.5374904e-001
 -1.5075379e-001
 -1.4773653e-001
 -1.4470349e-001
 -1.4166081e-001
 -1.3861463e-001
 -1.3557127e-001
 -1.3253715e-001
 -1.2951822e-001
 -1.2651974e-001
 -1.2354627e-001
 -1.2060199e-001
 -1.1769073e-001
 -1.1481603e-001
 -1.1198095e-001
 -1.0918814e-001
 -1.0644016e-001
 -1.0373953e-001
 -1.0108862e-001
 -9.8489837e-002
 -9.5946180e-002
 -9.3461324e-002
 -9.1039321e-002
 -8.8684213e-002
 -8.6399788e-002
 -8.4189483e-002
 -8.2056397e-002
 -8.0003216e-002
 -7.8032030e-002
 -7.6144281e-002
 -7.4340842e-002
 -7.2622015e-002
 -7.0987466e-002
 -6.9436291e-002
 -6.7967221e-002
 -6.6578814e-002
 -6.5269564e-002
 -6.4037939e-002
 -6.2882381e-002
 -6.1801253e-002
 -6.0792854e-002
 -5.9855627e-002
 -5.8988464e-002
 -5.8190913e-002
 -5.7463029e-002
 -5.6804442e-002
 -5.6213126e-002
 -5.5685308e-002
 -5.5216513e-002
 -5.4802417e-002
 -5.4439027e-002
 -5.4122684e-002
 -5.3850035e-002
 -5.3617998e-002
 -5.3423762e-002
 -5.3264725e-002
 -5.3138331e-002
 -5.3041998e-002
 -5.2973139e-002
 -5.2928981e-002
 -5.2906323e-002
 -5.2901807e-002
 -5.2912510e-002
 -5.2935957e-002
 -5.2969537e-002
 -5.3010131e-002
 -5.3054184e-002
 -5.3097941e-002
 -5.3137655e-002
 -5.3169615e-002
 -5.3190001e-002
 -5.3194887e-002
 -5.3180458e-002
 -5.3143331e-002
 -5.3080774e-002
 -5.2990589e-002
 -5.2870709e-002
 -5.2718764e-002
 -5.2531873e-002
 -5.2306871e-002
 -5.2040779e-002
 -5.1730921e-002
 -5.1374610e-002
 -5.0969000e-002
 -5.0511225e-002
 -4.9998474e-002
 -4.9427968e-002
 -4.8796987e-002
 -4.8102952e-002
 -4.7343440e-002
 -4.6516161e-002
 -4.5618988e-002
 -4.4650063e-002
 -4.3608046e-002
 -4.2492356e-002
 -4.1303033e-002
 -4.0040291e-002
 -3.8704364e-002
 -3.7295649e-002
 -3.5814528e-002
 -3.4260910e-002
 -3.2634187e-002
 -3.0933617e-002
 -2.9158579e-002
 -2.7308572e-002
 -2.5383266e-002
 -2.3382583e-002
 -2.1306547e-002
 -1.9154973e-002
 -1.6927474e-002
 -1.4623725e-002
 -1.2243510e-002
 -9.7864895e-003
 -7.2518959e-003
 -4.6383769e-003
 -1.9442639e-003
  8.3186349e-004
  3.6908706e-003
  6.6331339e-003
  9.6586224e-003
  1.2766874e-002
  1.5956888e-002
  1.9227002e-002
  2.2575031e-002
  2.5998538e-002
  2.9494504e-002
  3.3058595e-002
  3.6685161e-002
  4.0367974e-002
  4.4100671e-002
  4.7876706e-002
  5.1689411e-002
  5.5532263e-002
  5.9399048e-002
  6.3283873e-002
  6.7181122e-002
  7.1085397e-002
  7.4991469e-002
  7.8894283e-002
  8.2788904e-002
  8.6670439e-002
  9.0533999e-002
  9.4374721e-002
  9.8187752e-002
  1.0196819e-001
  1.0571108e-001
  1.0941139e-001
  1.1306407e-001
  1.1666411e-001
  1.2020655e-001
  1.2368643e-001
  1.2709889e-001
  1.3043910e-001
  1.3370229e-001
  1.3688355e-001
  1.3997821e-001
  1.4298226e-001
  1.4589233e-001
  1.4870513e-001
  1.5141725e-001
  1.5402528e-001
  1.5652611e-001
  1.5891692e-001
  1.6119521e-001
  1.6335890e-001
  1.6540640e-001
  1.6733672e-001
  1.6914946e-001
  1.7084474e-001
  1.7242322e-001
  1.7388624e-001
  1.7523571e-001
  1.7647385e-001
  1.7760296e-001
  1.7862540e-001
  1.7954364e-001
  1.8036019e-001
  1.8107766e-001
  1.8169864e-001
  1.8222563e-001
  1.8266095e-001
  1.8300686e-001
  1.8326569e-001
  1.8343967e-001
  1.8353040e-001
  1.8353875e-001
  1.8346527e-001
  1.8331048e-001
  1.8307488e-001
  1.8275866e-001
  1.8236130e-001
  1.8188188e-001
  1.8131991e-001
  1.8067587e-001
  1.7995107e-001
  1.7914726e-001
  1.7826641e-001
  1.7731056e-001
  1.7628188e-001
  1.7518291e-001
  1.7401688e-001
  1.7278738e-001
  1.7149781e-001
  1.7015147e-001
  1.6875210e-001
  1.6730401e-001
  1.6581175e-001
  1.6427987e-001
  1.6271306e-001
  1.6111628e-001
  1.5949482e-001
  1.5785427e-001
  1.5620047e-001
  1.5453930e-001
  1.5287655e-001
  1.5121807e-001
  1.4957000e-001
  1.4793832e-001
  1.4632785e-001
  1.4474183e-001
  1.4318234e-001
  1.4165077e-001
  1.4014810e-001
  1.3867500e-001
  1.3723192e-001
  1.3581901e-001
  1.3443621e-001
  1.3308338e-001
  1.3176050e-001
  1.3046771e-001
  1.2920532e-001
  1.2797371e-001
  1.2677335e-001
  1.2560481e-001
  1.2446874e-001
  1.2336575e-001
  1.2229639e-001
  1.2126104e-001
  1.2025992e-001
  1.1929308e-001
  1.1836037e-001
  1.1746144e-001
  1.1659574e-001
  1.1576266e-001
  1.1496169e-001
  1.1419239e-001
  1.1345435e-001
  1.1274708e-001
  1.1207000e-001
  1.1142244e-001
  1.1080353e-001
  1.1021210e-001
  1.0964654e-001
  1.0910486e-001
  1.0858488e-001
  1.0808407e-001
  1.0759929e-001
  1.0712680e-001
  1.0666266e-001
  1.0620308e-001
  1.0574458e-001
  1.0528403e-001
  1.0481865e-001
  1.0434603e-001
  1.0386431e-001
  1.0337197e-001
  1.0286756e-001
  1.0234976e-001
  1.0181768e-001
  1.0127084e-001
  1.0070868e-001
  1.0013023e-001
  9.9534245e-002
  9.8919252e-002
  9.8283509e-002
  9.7625086e-002
  9.6941953e-002
  9.6231974e-002
  9.5492802e-002
  9.4721856e-002
  9.3916384e-002
  9.3073503e-002
  9.2190200e-002
  9.1263331e-002
  9.0289640e-002
  8.9265852e-002
  8.8188768e-002
  8.7055188e-002
  8.5861699e-002
  8.4604624e-002
  8.3280171e-002
  8.1884698e-002
  8.0414908e-002
  7.8867782e-002
  7.7240300e-002
  7.5529312e-002
  7.3731678e-002
  7.1844525e-002
  6.9865468e-002
  6.7792659e-002
  6.5624659e-002
  6.3360300e-002
  6.0998636e-002
  5.8539008e-002
  5.5981147e-002
  5.3325137e-002
  5.0571255e-002
  4.7719914e-002
  4.4771762e-002
  4.1727745e-002
  3.8589062e-002
  3.5357125e-002
  3.2033559e-002
  2.8619932e-002
  2.5117490e-002
  2.1527915e-002
  1.7854552e-002
  1.4102041e-002
  1.0274531e-002
  6.3748097e-003
  2.4048388e-003
 -1.6334785e-003
 -5.7378734e-003
 -9.9057472e-003
 -1.4134565e-002
 -1.8421963e-002
 -2.2765416e-002
 -2.7162019e-002
 -3.1608511e-002
 -3.6101322e-002
 -4.0636602e-002
 -4.5210231e-002
 -4.9817808e-002
 -5.4454621e-002
 -5.9115612e-002
 -6.3795376e-002
 -6.8488224e-002
 -7.3188105e-002
 -7.7888546e-002
 -8.2583091e-002
 -8.7266024e-002
 -9.1932331e-002
 -9.6576978e-002
 -1.0119465e-001
 -1.0578010e-001
 -1.1032835e-001
 -1.1483442e-001
 -1.1929336e-001
 -1.2370034e-001
 -1.2805060e-001
 -1.3233913e-001
 -1.3656070e-001
 -1.4071008e-001
 -1.4478232e-001
 -1.4877293e-001
 -1.5267786e-001
 -1.5649342e-001
 -1.6021629e-001
 -1.6384369e-001
 -1.6737342e-001
 -1.7080349e-001
 -1.7413204e-001
 -1.7735721e-001
 -1.8047713e-001
 -1.8348982e-001
 -1.8639314e-001
 -1.8918470e-001
 -1.9186183e-001
 -1.9442161e-001
 -1.9686092e-001
 -1.9917671e-001
 -2.0136591e-001
 -2.0342519e-001
 -2.0535117e-001
 -2.0714103e-001
 -2.0879256e-001
 -2.1030391e-001
 -2.1167355e-001
 -2.1290076e-001
 -2.1398568e-001
 -2.1492897e-001
 -2.1573148e-001
 -2.1639429e-001
 -2.1691865e-001
 -2.1730592e-001
 -2.1755758e-001
 -2.1767529e-001
 -2.1766078e-001
 -2.1751583e-001
 -2.1724234e-001
 -2.1684270e-001
 -2.1631976e-001
 -2.1567662e-001
 -2.1491683e-001
 -2.1404476e-001
 -2.1306555e-001
 -2.1198446e-001
 -2.1080677e-001
 -2.0953807e-001
 -2.0818418e-001
 -2.0675063e-001
 -2.0524217e-001
 -2.0366278e-001
 -2.0201597e-001
 -2.0030520e-001
 -1.9853400e-001
 -1.9670575e-001
 -1.9482352e-001
 -1.9289031e-001
 -1.9090915e-001
 -1.8888311e-001
 -1.8681532e-001
 -1.8470900e-001
 -1.8256755e-001
 -1.8039454e-001
 -1.7819349e-001
 -1.7596755e-001
 -1.7371963e-001
 -1.7145272e-001
 -1.6916997e-001
 -1.6687430e-001
 -1.6456871e-001
 -1.6225693e-001
 -1.5994337e-001
 -1.5763226e-001
 -1.5532739e-001
 -1.5303247e-001
 -1.5075134e-001
 -1.4848768e-001
 -1.4624504e-001
 -1.4402693e-001
 -1.4183680e-001
 -1.3967771e-001
 -1.3755221e-001
 -1.3546228e-001
 -1.3340948e-001
 -1.3139495e-001
 -1.2941949e-001
 -1.2748345e-001
 -1.2558683e-001
 -1.2372933e-001
 -1.2191057e-001
 -1.2013019e-001
 -1.1838805e-001
 -1.1668428e-001
 -1.1501926e-001
 -1.1339356e-001
 -1.1180787e-001
 -1.1026304e-001
 -1.0875993e-001
 -1.0729908e-001
 -1.0588076e-001
 -1.0450517e-001
 -1.0317264e-001
 -1.0188346e-001
 -1.0063786e-001
 -9.9436029e-002
 -9.8278211e-002
 -9.7164698e-002
 -9.6095886e-002
 -9.5072242e-002
 -9.4094148e-002
 -9.3161657e-002
 -9.2274370e-002
 -9.1431439e-002
 -9.0631492e-002
 -8.9872480e-002
 -8.9151695e-002
 -8.8465931e-002
 -8.7811543e-002
 -8.7184385e-002
 -8.6579774e-002
 -8.5992578e-002
 -8.5417489e-002
 -8.4849387e-002
 -8.4283443e-002
 -8.3714984e-002
 -8.3139529e-002
 -8.2553022e-002
 -8.1951979e-002
 -8.1333440e-002
 -8.0694744e-002
 -8.0033266e-002
 -7.9346340e-002
 -7.8631410e-002
 -7.7886262e-002
 -7.7109170e-002
 -7.6298741e-002
 -7.5453573e-002
 -7.4572164e-002
 -7.3653109e-002
 -7.2695192e-002
 -7.1697260e-002
 -7.0657932e-002
 -6.9575342e-002
 -6.8447243e-002
 -6.7271409e-002
 -6.6045787e-002
 -6.4768310e-002
 -6.3436766e-002
 -6.2048832e-002
 -6.0602216e-002
 -5.9094800e-002
 -5.7524670e-002
 -5.5889994e-002
 -5.4188891e-002
 -5.2419361e-002
 -5.0579269e-002
 -4.8666374e-002
 -4.6678440e-002
 -4.4613374e-002
 -4.2469293e-002
 -4.0244523e-002
 -3.7937604e-002
 -3.5547322e-002
 -3.3072785e-002
 -3.0513510e-002
 -2.7869563e-002
 -2.5141678e-002
 -2.2331148e-002
 -1.9439559e-002
 -1.6468776e-002
 -1.3421111e-002
 -1.0299200e-002
 -7.1055948e-003
 -3.8426117e-003
 -5.1249616e-004
  2.8824453e-003
  6.3398520e-003
  9.8573704e-003
  1.3432715e-002
  1.7063633e-002
  2.0747764e-002
  2.4482534e-002
  2.8265105e-002
  3.2092330e-002
  3.5960685e-002
  3.9866258e-002
  4.3804781e-002
  4.7771653e-002
  5.1761951e-002
  5.5770501e-002
  5.9791987e-002
  6.3821016e-002
  6.7852159e-002
  7.1880119e-002
  7.5899966e-002
  7.9907126e-002
  8.3897119e-002
  8.7865406e-002
  9.1807382e-002
  9.5718223e-002
  9.9592648e-002
  1.0342499e-001
  1.0720956e-001
  1.1094077e-001
  1.1461305e-001
  1.1822085e-001
  1.2175882e-001
  1.2522187e-001
  1.2860533e-001
  1.3190504e-001
  1.3511751e-001
  1.3823976e-001
  1.4126898e-001
  1.4420239e-001
  1.4703732e-001
  1.4977133e-001
  1.5240220e-001
  1.5492792e-001
  1.5734658e-001
  1.5965637e-001
  1.6185554e-001
  1.6394253e-001
  1.6591618e-001
  1.6777567e-001
  1.6952031e-001
  1.7114950e-001
  1.7266279e-001
  1.7405986e-001
  1.7534043e-001
  1.7650420e-001
  1.7755097e-001
  1.7848062e-001
  1.7929314e-001
  1.7998862e-001
  1.8056713e-001
  1.8102888e-001
  1.8137429e-001
  1.8160405e-001
  1.8171913e-001
  1.8172073e-001
  1.8161025e-001
  1.8138931e-001
  1.8105987e-001
  1.8062424e-001
  1.8008507e-001
  1.7944538e-001
  1.7870849e-001
  1.7787804e-001
  1.7695802e-001
  1.7595265e-001
  1.7486631e-001
  1.7370315e-001
  1.7246674e-001
  1.7116030e-001
  1.6978733e-001
  1.6835177e-001
  1.6685757e-001
  1.6530864e-001
  1.6370926e-001
  1.6206420e-001
  1.6037847e-001
  1.5865704e-001
  1.5690468e-001
  1.5512589e-001
  1.5332495e-001
  1.5150591e-001
  1.4967251e-001
  1.4782817e-001
  1.4597611e-001
  1.4411938e-001
  1.4226097e-001
  1.4040383e-001
  1.3855090e-001
  1.3670509e-001
  1.3486932e-001
  1.3304651e-001
  1.3123964e-001
  1.2945163e-001
  1.2768524e-001
  1.2594305e-001
  1.2422767e-001
  1.2254166e-001
  1.2088725e-001
  1.1926622e-001
  1.1767998e-001
  1.1612963e-001
  1.1461611e-001
  1.1314018e-001
  1.1170256e-001
  1.1030406e-001
  1.0894580e-001
  1.0762913e-001
  1.0635532e-001
  1.0512552e-001
  1.0394104e-001
  1.0280339e-001
  1.0171401e-001
  1.0067409e-001
  9.9684443e-002
  9.8745451e-002
  9.7857203e-002
  9.7019909e-002
  9.6234428e-002
  9.5502093e-002
  9.4823987e-002
  9.4200630e-002
  9.3632253e-002
  9.3119025e-002
  9.2661026e-002
  9.2258056e-002
  9.1909408e-002
  9.1613806e-002
  9.1369564e-002
  9.1174777e-002
  9.1027419e-002
  9.0925305e-002
  9.0865988e-002
  9.0846884e-002
  9.0865566e-002
  9.0919783e-002
  9.1007190e-002
  9.1125233e-002
  9.1271243e-002
  9.1442439e-002
  9.1635822e-002
  9.1848278e-002
  9.2076816e-002
  9.2318471e-002
  9.2569992e-002
  9.2827824e-002
  9.3088434e-002
  9.3348600e-002
  9.3605436e-002
  9.3856256e-002
  9.4098282e-002
  9.4328247e-002
  9.4542112e-002
  9.4735266e-002
  9.4903092e-002
  9.5041290e-002
  9.5145794e-002
  9.5212601e-002
  9.5237657e-002
  9.5216798e-002
  9.5145776e-002
  9.5020286e-002
  9.4835975e-002
  9.4588513e-002
  9.4273729e-002
  9.3887713e-002
  9.3426879e-002
  9.2887963e-002
  9.2268013e-002
  9.1564456e-002
  9.0775206e-002
  8.9898700e-002
  8.8933786e-002
  8.7879409e-002
  8.6734246e-002
  8.5496622e-002
  8.4164719e-002
  8.2736773e-002
  8.1211135e-002
  7.9586244e-002
  7.7860549e-002
  7.6032584e-002
  7.4101158e-002
  7.2065293e-002
  6.9924032e-002
  6.7676804e-002
  6.5324153e-002
  6.2867816e-002
  6.0310096e-002
  5.7653352e-002
  5.4899895e-002
  5.2052072e-002
  4.9112418e-002
  4.6083741e-002
  4.2969061e-002
  3.9771617e-002
  3.6494946e-002
  3.3142742e-002
  2.9718601e-002
  2.6226169e-002
  2.2669600e-002
  1.9053642e-002
  1.5383325e-002
  1.1663783e-002
  7.9003172e-003
  4.0983579e-003
  2.6330401e-004
 -3.5995598e-003
 -7.4850514e-003
 -1.1388125e-002
 -1.5303953e-002
 -1.9227908e-002
 -2.3155493e-002
 -2.7082446e-002
 -3.1004959e-002
 -3.4919686e-002
 -3.8823522e-002
 -4.2713363e-002
 -4.6585965e-002
 -5.0437971e-002
 -5.4266015e-002
 -5.8066675e-002
 -6.1836262e-002
 -6.5570710e-002
 -6.9265667e-002
 -7.2916752e-002
 -7.6519861e-002
 -8.0071212e-002
 -8.3567183e-002
 -8.7004404e-002
 -9.0380091e-002
 -9.3692192e-002
 -9.6939240e-002
 -1.0012017e-001
 -1.0323418e-001
 -1.0628069e-001
 -1.0925926e-001
 -1.1216963e-001
 -1.1501156e-001
 -1.1778462e-001
 -1.2048798e-001
 -1.2312041e-001
 -1.2568047e-001
 -1.2816665e-001
 -1.3057724e-001
 -1.3291031e-001
 -1.3516382e-001
 -1.3733570e-001
 -1.3942396e-001
 -1.4142656e-001
 -1.4334144e-001
 -1.4516649e-001
 -1.4689984e-001
 -1.4853988e-001
 -1.5008527e-001
 -1.5153483e-001
 -1.5288762e-001
 -1.5414284e-001
 -1.5529994e-001
 -1.5635853e-001
 -1.5731848e-001
 -1.5817983e-001
 -1.5894285e-001
 -1.5960802e-001
 -1.6017615e-001
 -1.6064841e-001
 -1.6102627e-001
 -1.6131152e-001
 -1.6150622e-001
 -1.6161273e-001
 -1.6163357e-001
 -1.6157144e-001
 -1.6142912e-001
 -1.6120944e-001
 -1.6091512e-001
 -1.6054870e-001
 -1.6011268e-001
 -1.5960953e-001
 -1.5904161e-001
 -1.5841124e-001
 -1.5772074e-001
 -1.5697249e-001
 -1.5616891e-001
 -1.5531263e-001
 -1.5440664e-001
 -1.5345431e-001
 -1.5245922e-001
 -1.5142507e-001
 -1.5035573e-001
 -1.4925526e-001
 -1.4812791e-001
 -1.4697789e-001
 -1.4580908e-001
 -1.4462512e-001
 -1.4342961e-001
 -1.4222626e-001
 -1.4101873e-001
 -1.3981047e-001
 -1.3860481e-001
 -1.3740488e-001
 -1.3621348e-001
 -1.3503318e-001
 -1.3386647e-001
 -1.3271591e-001
 -1.3158421e-001
 -1.3047410e-001
 -1.2938823e-001
 -1.2832909e-001
 -1.2729906e-001
 -1.2630049e-001
 -1.2533589e-001
 -1.2440793e-001
 -1.2351934e-001
 -1.2267285e-001
 -1.2187108e-001
 -1.2111656e-001
 -1.2041158e-001
 -1.1975809e-001
 -1.1915776e-001
 -1.1861202e-001
 -1.1812221e-001
 -1.1768977e-001
 -1.1731632e-001
 -1.1700340e-001
 -1.1675216e-001
 -1.1656333e-001
 -1.1643759e-001
 -1.1637532e-001
 -1.1637584e-001
 -1.1643716e-001
 -1.1655639e-001
 -1.1673021e-001
 -1.1695518e-001
 -1.1722777e-001
 -1.1754409e-001
 -1.1790000e-001
 -1.1829130e-001
 -1.1871390e-001
 -1.1916357e-001
 -1.1963594e-001
 -1.2012656e-001
 -1.2063108e-001
 -1.2114538e-001
 -1.2166555e-001
 -1.2218763e-001
 -1.2270744e-001
 -1.2322064e-001
 -1.2372262e-001
 -1.2420830e-001
 -1.2467228e-001
 -1.2510910e-001
 -1.2551350e-001
 -1.2588050e-001
 -1.2620532e-001
 -1.2648324e-001
 -1.2670962e-001
 -1.2688005e-001
 -1.2699049e-001
 -1.2703713e-001
 -1.2701647e-001
 -1.2692522e-001
 -1.2676039e-001
 -1.2651916e-001
 -1.2619892e-001
 -1.2579722e-001
 -1.2531181e-001
 -1.2474076e-001
 -1.2408240e-001
 -1.2333527e-001
 -1.2249806e-001
 -1.2156982e-001
 -1.2054993e-001
 -1.1943807e-001
 -1.1823419e-001
 -1.1693840e-001
 -1.1555094e-001
 -1.1407223e-001
 -1.1250277e-001
 -1.1084312e-001
 -1.0909370e-001
 -1.0725479e-001
 -1.0532648e-001
 -1.0330862e-001
 -1.0120100e-001
 -9.9003560e-002
 -9.6716349e-002
 -9.4339361e-002
 -9.1872548e-002
 -8.9316032e-002
 -8.6670132e-002
 -8.3935201e-002
 -8.1111564e-002
 -7.8199611e-002
 -7.5199884e-002
 -7.2113123e-002
 -6.8940254e-002
 -6.5682342e-002
 -6.2340598e-002
 -5.8916440e-002
 -5.5411506e-002
 -5.1827629e-002
 -4.8166820e-002
 -4.4431314e-002
 -4.0623634e-002
 -3.6746654e-002
 -3.2803524e-002
 -2.8797490e-002
 -2.4731814e-002
 -2.0609810e-002
 -1.6434869e-002
 -1.2210440e-002
 -7.9400239e-003
 -3.6271955e-003
  7.2440804e-004
  5.1111118e-003
  9.5291793e-003
  1.3974740e-002
  1.8443733e-002
  2.2931900e-002
  2.7434818e-002
  3.1947972e-002
  3.6466977e-002
  4.0987825e-002
  4.5506857e-002
  5.0020503e-002
  5.4525190e-002
  5.9017471e-002
  6.3494164e-002
  6.7952366e-002
  7.2389251e-002
  7.6801766e-002
  8.1186513e-002
  8.5539908e-002
  8.9858296e-002
  9.4137967e-002
  9.8375301e-002
  1.0256695e-001
  1.0670974e-001
  1.1080044e-001
  1.1483564e-001
  1.1881192e-001
  1.2272595e-001
  1.2657439e-001
  1.3035387e-001
  1.3406117e-001
  1.3769309e-001
  1.4124639e-001
  1.4471760e-001
  1.4810308e-001
  1.5139915e-001
  1.5460217e-001
  1.5770857e-001
  1.6071480e-001
  1.6361734e-001
  1.6641285e-001
  1.6909842e-001
  1.7167169e-001
  1.7413085e-001
  1.7647435e-001
  1.7870081e-001
  1.8080905e-001
  1.8279821e-001
  1.8466763e-001
  1.8641667e-001
  1.8804448e-001
  1.8954995e-001
  1.9093183e-001
  1.9218891e-001
  1.9332011e-001
  1.9432466e-001
  1.9520214e-001
  1.9595263e-001
  1.9657662e-001
  1.9707508e-001
  1.9744946e-001
  1.9770169e-001
  1.9783413e-001
  1.9784942e-001
  1.9775039e-001
  1.9753997e-001
  1.9722128e-001
  1.9679768e-001
  1.9627272e-001
  1.9565025e-001
  1.9493456e-001
  1.9413030e-001
  1.9324230e-001
  1.9227556e-001
  1.9123537e-001
  1.9012718e-001
  1.8895627e-001
  1.8772775e-001
  1.8644677e-001
  1.8511868e-001
  1.8374878e-001
  1.8234215e-001
  1.8090364e-001
  1.7943780e-001
  1.7794891e-001
  1.7644093e-001
  1.7491746e-001
  1.7338189e-001
  1.7183752e-001
  1.7028761e-001
  1.6873534e-001
  1.6718383e-001
  1.6563630e-001
  1.6409582e-001
  1.6256482e-001
  1.6104514e-001
  1.5953847e-001
  1.5804650e-001
  1.5657079e-001
  1.5511286e-001
  1.5367469e-001
  1.5225864e-001
  1.5086693e-001
  1.4950151e-001
  1.4816425e-001
  1.4685712e-001
  1.4558201e-001
  1.4434071e-001
  1.4313494e-001
  1.4196630e-001
  1.4083612e-001
  1.3974547e-001
  1.3869531e-001
  1.3768657e-001
  1.3672023e-001
  1.3579716e-001
  1.3491784e-001
  1.3408241e-001
  1.3329096e-001
  1.3254352e-001
  1.3183974e-001
  1.3117881e-001
  1.3055977e-001
  1.2998162e-001
  1.2944324e-001
  1.2894331e-001
  1.2848024e-001
  1.2805210e-001
  1.2765652e-001
  1.2729087e-001
  1.2695250e-001
  1.2663883e-001
  1.2634724e-001
  1.2607497e-001
  1.2581907e-001
  1.2557664e-001
  1.2534501e-001
  1.2512172e-001
  1.2490433e-001
  1.2469002e-001
  1.2447550e-001
  1.2425710e-001
  1.2403121e-001
  1.2379430e-001
  1.2354264e-001
  1.2327232e-001
  1.2297965e-001
  1.2266126e-001
  1.2231399e-001
  1.2193479e-001
  1.2152070e-001
  1.2106890e-001
  1.2057677e-001
  1.2004186e-001
  1.1946183e-001
  1.1883438e-001
  1.1815723e-001
  1.1742815e-001
  1.1664499e-001
  1.1580563e-001
  1.1490781e-001
  1.1394924e-001
  1.1292772e-001
  1.1184132e-001
  1.1068842e-001
  1.0946772e-001
  1.0817829e-001
  1.0681949e-001
  1.0539104e-001
  1.0389291e-001
  1.0232522e-001
  1.0068819e-001
  9.8982059e-002
  9.7207016e-002
  9.5363045e-002
  9.3449923e-002
  9.1467306e-002
  8.9414667e-002
  8.7291139e-002
  8.5095599e-002
  8.2826986e-002
  8.0484460e-002
  7.8067349e-002
  7.5575135e-002
  7.3007509e-002
  7.0364376e-002
  6.7645815e-002
  6.4852009e-002
  6.1983220e-002
  5.9040019e-002
  5.6023632e-002
  5.2935782e-002
  4.9778129e-002
  4.6552134e-002
  4.3259395e-002
  3.9901766e-002
  3.6481158e-002
  3.2999599e-002
  2.9459469e-002
  2.5863390e-002
  2.2213790e-002
  1.8512538e-002
  1.4760859e-002
  1.0959752e-002
  7.1106179e-003
  3.2152097e-003
 -7.2493825e-004
 -4.7084103e-003
 -8.7330743e-003
 -1.2795357e-002
 -1.6890079e-002
 -2.1011279e-002
 -2.5153490e-002
 -2.9311551e-002
 -3.3479382e-002
 -3.7650532e-002
 -4.1820388e-002
 -4.5987150e-002
 -5.0150999e-002
 -5.4312701e-002
 -5.8472493e-002
 -6.2630385e-002
 -6.6787216e-002
 -7.0943770e-002
 -7.5098248e-002
 -7.9245132e-002
 -8.3376310e-002
 -8.7483501e-002
 -9.1560607e-002
 -9.5603672e-002
 -9.9608797e-002
 -1.0357170e-001
 -1.0748912e-001
 -1.1135845e-001
 -1.1517543e-001
 -1.1893382e-001
 -1.2262696e-001
 -1.2624809e-001
 -1.2978964e-001
 -1.3324456e-001
 -1.3660941e-001
 -1.3988518e-001
 -1.4307552e-001
 -1.4618479e-001
 -1.4921677e-001
 -1.5217309e-001
 -1.5505185e-001
 -1.5784782e-001
 -1.6055410e-001
 -1.6316392e-001
 -1.6567159e-001
 -1.6807260e-001
 -1.7036314e-001
 -1.7253982e-001
 -1.7460016e-001
 -1.7654401e-001
 -1.7837493e-001
 -1.8009924e-001
 -1.8172306e-001
 -1.8325117e-001
 -1.8468777e-001
 -1.8603552e-001
 -1.8729308e-001
 -1.8845567e-001
 -1.8951822e-001
 -1.9047755e-001
 -1.9133246e-001
 -1.9208362e-001
 -1.9273360e-001
 -1.9328579e-001
 -1.9374275e-001
 -1.9410575e-001
 -1.9437559e-001
 -1.9455342e-001
 -1.9464129e-001
 -1.9464249e-001
 -1.9456170e-001
 -1.9440487e-001
 -1.9417883e-001
 -1.9389059e-001
 -1.9354645e-001
 -1.9315163e-001
 -1.9271040e-001
 -1.9222564e-001
 -1.9169831e-001
 -1.9112786e-001
 -1.9051348e-001
 -1.8985503e-001
 -1.8915302e-001
 -1.8840867e-001
 -1.8762418e-001
 -1.8680274e-001
 -1.8594846e-001
 -1.8506662e-001
 -1.8416397e-001
 -1.8324767e-001
 -1.8232327e-001
 -1.8139352e-001
 -1.8045851e-001
 -1.7951667e-001
 -1.7856595e-001
 -1.7760531e-001
 -1.7663587e-001
 -1.7566066e-001
 -1.7468345e-001
 -1.7370793e-001
 -1.7273780e-001
 -1.7177723e-001
 -1.7083128e-001
 -1.6990528e-001
 -1.6900350e-001
 -1.6812840e-001
 -1.6728094e-001
 -1.6646125e-001
 -1.6566916e-001
 -1.6490451e-001
 -1.6416716e-001
 -1.6345715e-001
 -1.6277508e-001
 -1.6212194e-001
 -1.6149857e-001
 -1.6090570e-001
 -1.6034446e-001
 -1.5981633e-001
 -1.5932228e-001
 -1.5886257e-001
 -1.5843716e-001
 -1.5804575e-001
 -1.5768739e-001
 -1.5736022e-001
 -1.5706138e-001
 -1.5678704e-001
 -1.5653249e-001
 -1.5629236e-001
 -1.5606094e-001
 -1.5583264e-001
 -1.5560239e-001
 -1.5536637e-001
 -1.5512263e-001
 -1.5487076e-001
 -1.5461112e-001
 -1.5434425e-001
 -1.5407116e-001
 -1.5379318e-001
 -1.5351154e-001
 -1.5322680e-001
 -1.5293839e-001
 -1.5264389e-001
 -1.5233854e-001
 -1.5201608e-001
 -1.5167061e-001
 -1.5129678e-001
 -1.5088876e-001
 -1.5044086e-001
 -1.4994982e-001
 -1.4941539e-001
 -1.4883893e-001
 -1.4822241e-001
 -1.4756808e-001
 -1.4687777e-001
 -1.4615196e-001
 -1.4538935e-001
 -1.4458720e-001
 -1.4374180e-001
 -1.4284900e-001
 -1.4190449e-001
 -1.4090412e-001
 -1.3984463e-001
 -1.3872454e-001
 -1.3754388e-001
 -1.3630279e-001
 -1.3500107e-001
 -1.3363864e-001
 -1.3221591e-001
 -1.3073376e-001
 -1.2919325e-001
 -1.2759534e-001
 -1.2594069e-001
 -1.2422965e-001
 -1.2246203e-001
 -1.2063676e-001
 -1.1875175e-001
 -1.1680404e-001
 -1.1479009e-001
 -1.1270603e-001
 -1.1054791e-001
 -1.0831179e-001
 -1.0599396e-001
 -1.0359108e-001
 -1.0110039e-001
 -9.8519768e-002
 -9.5848024e-002
 -9.3085138e-002
 -9.0232366e-002
 -8.7292017e-002
 -8.4266762e-002
 -8.1158790e-002
 -7.7969653e-002
 -7.4700796e-002
 -7.1353750e-002
 -6.7929942e-002
 -6.4430967e-002
 -6.0859267e-002
 -5.7218352e-002
 -5.3512466e-002
 -4.9746236e-002
 -4.5924520e-002
 -4.2052327e-002
 -3.8134750e-002
 -3.4176857e-002
 -3.0183454e-002
 -2.6158576e-002
 -2.2104994e-002
 -1.8024525e-002
 -1.3918994e-002
 -9.7905897e-003
 -5.6415444e-003
 -1.4742738e-003
  2.7080046e-003
  6.9012925e-003
  1.1101454e-002
  1.5304365e-002
  1.9505604e-002
  2.3700781e-002
  2.7886408e-002
  3.2059999e-002
  3.6219404e-002
  4.0362569e-002
  4.4487809e-002
  4.8593645e-002
  5.2678213e-002
  5.6738979e-002
  6.0772907e-002
  6.4776689e-002
  6.8746938e-002
  7.2680444e-002
  7.6574400e-002
  8.0426412e-002
  8.4234336e-002
  8.7996097e-002
  9.1709594e-002
  9.5372873e-002
  9.8984398e-002
  1.0254287e-001
  1.0604670e-001
  1.0949371e-001
  1.1288131e-001
  1.1620684e-001
  1.1946786e-001
  1.2266195e-001
  1.2578628e-001
  1.2883783e-001
  1.3181420e-001
  1.3471355e-001
  1.3753380e-001
  1.4027238e-001
  1.4292682e-001
  1.4549503e-001
  1.4797511e-001
  1.5036524e-001
  1.5266371e-001
  1.5486914e-001
  1.5698071e-001
  1.5899813e-001
  1.6092136e-001
  1.6275060e-001
  1.6448658e-001
  1.6613063e-001
  1.6768438e-001
  1.6914951e-001
  1.7052766e-001
  1.7182057e-001
  1.7303045e-001
  1.7415975e-001
  1.7521063e-001
  1.7618502e-001
  1.7708526e-001
  1.7791414e-001
  1.7867418e-001
  1.7936736e-001
  1.7999527e-001
  1.8055940e-001
  1.8106121e-001
  1.8150206e-001
  1.8188312e-001
  1.8220553e-001
  1.8247083e-001
  1.8268140e-001
  1.8284058e-001
  1.8295240e-001
  1.8302109e-001
  1.8305087e-001
  1.8304613e-001
  1.8301128e-001
  1.8295045e-001
  1.8286724e-001
  1.8276477e-001
  1.8264572e-001
  1.8251241e-001
  1.8236671e-001
  1.8221004e-001
  1.8204329e-001
  1.8186696e-001
  1.8168147e-001
  1.8148747e-001
  1.8128602e-001
  1.8107846e-001
  1.8086624e-001
  1.8065076e-001
  1.8043327e-001
