  0.0000000e+000
  4.7019111e-006
 -5.9264756e-005
 -3.5166708e-004
 -4.5154077e-004
 -7.0834449e-004
 -1.3173771e-003
 -1.8138932e-003
 -1.7199733e-003
 -1.0679611e-003
 -2.5259401e-004
  3.7613645e-004
  6.4978623e-004
  5.9001056e-004
  3.8456676e-004
  2.1342499e-004
  1.3342206e-004
  1.7926045e-004
  3.8066161e-004
  6.6591601e-004
  9.2561297e-004
  1.1712220e-003
  1.4751895e-003
  1.8050209e-003
  1.9215246e-003
  1.3921842e-003
 -1.7602218e-004
 -2.7341375e-003
 -5.6620393e-003
 -8.0603829e-003
 -9.0643427e-003
 -7.9575116e-003
 -4.4115485e-003
  1.2120462e-003
  8.0247390e-003
  1.5166910e-002
  2.1993273e-002
  2.7883057e-002
  3.2307990e-002
  3.5098592e-002
  3.6304983e-002
  3.5890808e-002
  3.3846166e-002
  3.0422523e-002
  2.6040996e-002
  2.1192411e-002
  1.6389997e-002
  1.1901712e-002
  7.7255760e-003
  4.2087816e-003
  2.1033819e-003
  1.6005190e-003
  2.4003191e-003
  5.1011925e-003
  1.0803204e-002
  1.9287151e-002
  2.9502064e-002
  4.1383450e-002
  5.5376772e-002
  7.0950741e-002
  8.6539633e-002
  1.0007818e-001
  1.0945114e-001
  1.1322925e-001
  1.1093621e-001
  1.0278837e-001
  8.9694756e-002
  7.3222950e-002
  5.5524123e-002
  3.9575620e-002
  2.8548182e-002
  2.4233033e-002
  2.6958502e-002
  3.6750404e-002
  5.2778530e-002
  7.1787258e-002
  8.8711723e-002
  9.8946637e-002
  9.9493784e-002
  8.8971125e-002
  6.7938821e-002
  3.9031325e-002
  6.1207960e-003
 -2.6658020e-002
 -5.5464742e-002
 -7.7210623e-002
 -8.9710025e-002
 -9.1549523e-002
 -8.2247661e-002
 -6.2735242e-002
 -3.5734344e-002
 -5.6566052e-003
  2.2173647e-002
  4.2581685e-002
  5.1625776e-002
  4.7402489e-002
  3.0072609e-002
  1.3625824e-003
 -3.5693770e-002
 -7.7225525e-002
 -1.1917142e-001
 -1.5765209e-001
 -1.8958800e-001
 -2.1367312e-001
 -2.3026627e-001
 -2.4038809e-001
 -2.4533720e-001
 -2.4698297e-001
 -2.4737449e-001
 -2.4772888e-001
 -2.4831319e-001
 -2.4944962e-001
 -2.5155591e-001
 -2.5378520e-001
 -2.5448848e-001
 -2.5347490e-001
 -2.5165129e-001
 -2.4882157e-001
 -2.4438700e-001
 -2.3930683e-001
 -2.3532411e-001
 -2.3307961e-001
 -2.3168331e-001
 -2.2963444e-001
 -2.2587223e-001
 -2.2023515e-001
 -2.1408222e-001
 -2.1106700e-001
 -2.1554016e-001
 -2.2982558e-001
 -2.5435784e-001
 -2.8964287e-001
 -3.3631631e-001
 -3.9405740e-001
 -4.6127060e-001
 -5.3517895e-001
 -6.1154446e-001
 -6.8466576e-001
 -7.4835701e-001
 -7.9772310e-001
 -8.3037048e-001
 -8.4608978e-001
 -8.4610733e-001
 -8.3267818e-001
 -8.0737146e-001
 -7.6905527e-001
 -7.1511209e-001
 -6.4465040e-001
 -5.5930553e-001
 -4.6226982e-001
 -3.5814715e-001
 -2.5315226e-001
 -1.5456783e-001
 -7.0307092e-002
 -8.2840557e-003
  2.4876425e-002
  2.4884632e-002
 -1.0092174e-002
 -7.8725849e-002
 -1.7460607e-001
 -2.8667514e-001
 -4.0263729e-001
 -5.1009537e-001
 -5.9605455e-001
 -6.4980035e-001
 -6.6553347e-001
 -6.4193254e-001
 -5.8203830e-001
 -4.9162361e-001
 -3.7584245e-001
 -2.4077716e-001
 -9.6658969e-002
  4.4268679e-002
  1.7197139e-001
  2.8180389e-001
  3.7643884e-001
  4.6277790e-001
  5.4598818e-001
  6.2742784e-001
  7.0584710e-001
  7.7853277e-001
  8.4261220e-001
  8.9533306e-001
  9.3277069e-001
  9.4888479e-001
  9.3555526e-001
  8.8254765e-001
  7.7937504e-001
  6.2033327e-001
  4.1012191e-001
  1.6655748e-001
 -8.1180954e-002
 -2.9867526e-001
 -4.5431951e-001
 -5.2569492e-001
 -5.0261299e-001
 -3.8764071e-001
 -1.9503705e-001
  5.2092059e-002
  3.2564264e-001
  5.9561207e-001
  8.3224998e-001
  1.0093004e+000
  1.1083261e+000
  1.1219043e+000
  1.0546255e+000
  9.2334226e-001
  7.5568980e-001
  5.8485058e-001
  4.4207545e-001
  3.5152995e-001
  3.2854379e-001
  3.7855184e-001
  4.9588202e-001
  6.6556800e-001
  8.7038939e-001
  1.0944795e+000
  1.3177521e+000
  1.5187171e+000
  1.6899661e+000
  1.8353805e+000
  1.9518303e+000
  2.0358027e+000
  2.1012373e+000
  2.1706755e+000
  2.2576452e+000
  2.3622982e+000
  2.4699198e+000
  2.5584757e+000
  2.6158519e+000
  2.6402555e+000
  2.6254391e+000
  2.5600152e+000
  2.4383902e+000
  2.2632090e+000
  2.0411496e+000
  1.7828643e+000
  1.5039104e+000
  1.2203859e+000
  9.4446476e-001
  6.8141101e-001
  4.2696451e-001
  1.7220669e-001
 -8.6333100e-002
 -3.4203524e-001
 -5.7464515e-001
 -7.5345133e-001
 -8.5603251e-001
 -8.7223321e-001
 -7.8707910e-001
 -5.9320813e-001
 -3.2395732e-001
 -4.1936666e-002
  2.0168636e-001
  3.7435610e-001
  4.4499363e-001
  3.8492735e-001
  1.7983851e-001
 -1.7114275e-001
 -6.5849817e-001
 -1.2548295e+000
 -1.9116099e+000
 -2.5666778e+000
 -3.1528451e+000
 -3.6128863e+000
 -3.9189507e+000
 -4.0749369e+000
 -4.1010207e+000
 -4.0195842e+000
 -3.8469288e+000
 -3.5884997e+000
 -3.2413517e+000
 -2.8016046e+000
 -2.2700595e+000
 -1.6550969e+000
 -9.7439822e-001
 -2.5493790e-001
  4.6926204e-001
  1.1587110e+000
  1.7679812e+000
  2.2468994e+000
  2.5472592e+000
  2.6320795e+000
  2.4840252e+000
  2.1129073e+000
  1.5589793e+000
  8.8691428e-001
  1.7386877e-001
 -5.0182912e-001
 -1.0709028e+000
 -1.4821024e+000
 -1.7068445e+000
 -1.7401643e+000
 -1.5997774e+000
 -1.3210443e+000
 -9.4857717e-001
 -5.2925239e-001
 -1.0697593e-001
  2.8339821e-001
  6.2196856e-001
  9.0523092e-001
  1.1416779e+000
  1.3468768e+000
  1.5407972e+000
  1.7413276e+000
  1.9562079e+000
  2.1840920e+000
  2.4203135e+000
  2.6570764e+000
  2.8825688e+000
  3.0831648e+000
  3.2450415e+000
  3.3576990e+000
  3.4192380e+000
  3.4353519e+000
  3.4131649e+000
  3.3585035e+000
  3.2770448e+000
  3.1738331e+000
  3.0496246e+000
  2.9010824e+000
  2.7270411e+000
  2.5287469e+000
  2.3033926e+000
  2.0479617e+000
  1.7684194e+000
  1.4761152e+000
  1.1801207e+000
  8.8816850e-001
  6.0761952e-001
  3.4498194e-001
  1.1089512e-001
 -8.2387560e-002
 -2.3727357e-001
 -3.7109091e-001
 -4.9425715e-001
 -6.1048113e-001
 -7.3829300e-001
 -9.0016204e-001
 -1.0936376e+000
 -1.3000953e+000
 -1.5113922e+000
 -1.7329971e+000
 -1.9738267e+000
 -2.2374784e+000
 -2.5153835e+000
 -2.7855398e+000
 -3.0161088e+000
 -3.1763324e+000
 -3.2501221e+000
 -3.2319641e+000
 -3.1138686e+000
 -2.8904155e+000
 -2.5709828e+000
 -2.1803474e+000
 -1.7557278e+000
 -1.3432970e+000
 -9.8974915e-001
 -7.3664182e-001
 -6.1680994e-001
 -6.4405150e-001
 -8.0460512e-001
 -1.0608007e+000
 -1.3601913e+000
 -1.6457892e+000
 -1.8685771e+000
 -1.9940465e+000
 -2.0014014e+000
 -1.8890399e+000
 -1.6827840e+000
 -1.4284699e+000
 -1.1733034e+000
 -9.5484413e-001
 -7.9851655e-001
 -7.1503946e-001
 -6.9862558e-001
 -7.3003547e-001
 -7.8240526e-001
 -8.2576108e-001
 -8.3074646e-001
 -7.7480034e-001
 -6.4888808e-001
 -4.5902271e-001
 -2.2349971e-001
  2.8097315e-002
  2.5596214e-001
  4.1894235e-001
  4.8786386e-001
  4.5167834e-001
  3.1556039e-001
  9.9779168e-002
 -1.6132552e-001
 -4.2672804e-001
 -6.5912465e-001
 -8.3050246e-001
 -9.2272766e-001
 -9.2869193e-001
 -8.5574505e-001
 -7.2401148e-001
 -5.5789134e-001
 -3.8356439e-001
 -2.3190701e-001
 -1.2985226e-001
 -8.6324317e-002
 -9.3013442e-002
 -1.3439883e-001
 -1.9167022e-001
 -2.4351715e-001
 -2.6978221e-001
 -2.5544620e-001
 -1.9290671e-001
 -8.4336722e-002
  5.6919515e-002
  2.0846862e-001
  3.4290176e-001
  4.3096831e-001
  4.4689952e-001
  3.7503866e-001
  2.1060932e-001
 -4.4990340e-002
 -3.8614191e-001
 -8.0149302e-001
 -1.2737105e+000
 -1.7800998e+000
 -2.2908234e+000
 -2.7680193e+000
 -3.1713453e+000
 -3.4677725e+000
 -3.6373348e+000
 -3.6732954e+000
 -3.5826163e+000
 -3.3862366e+000
 -3.1133931e+000
 -2.7924645e+000
 -2.4480266e+000
 -2.1062458e+000
 -1.7947363e+000
 -1.5306798e+000
 -1.3192449e+000
 -1.1669458e+000
 -1.0760465e+000
 -1.0242337e+000
 -9.7583524e-001
 -9.1270567e-001
 -8.3478833e-001
 -7.4050520e-001
 -6.2501160e-001
 -4.8981190e-001
 -3.4094825e-001
 -1.8100195e-001
 -1.1060492e-002
  1.6198027e-001
  3.2986946e-001
  4.9388593e-001
  6.6207863e-001
  8.3816328e-001
  1.0214518e+000
  1.2125554e+000
  1.4096603e+000
  1.6022167e+000
  1.7760372e+000
  1.9240687e+000
  2.0490908e+000
  2.1586156e+000
  2.2603418e+000
  2.3608920e+000
  2.4626038e+000
  2.5568940e+000
  2.6259774e+000
  2.6559724e+000
  2.6391510e+000
  2.5639347e+000
  2.4220453e+000
  2.2250958e+000
  1.9972226e+000
  1.7563855e+000
  1.5125098e+000
  1.2738376e+000
  1.0502798e+000
  8.5567051e-001
  7.0447130e-001
  6.0410129e-001
  5.5128494e-001
  5.3356500e-001
  5.3460351e-001
  5.3833710e-001
  5.3021204e-001
  5.0362929e-001
  4.6247832e-001
  4.0973415e-001
  3.4761809e-001
  2.9211917e-001
  2.6229483e-001
  2.5684983e-001
  2.6330092e-001
  2.8059094e-001
  3.1965333e-001
  3.9341754e-001
  5.0899194e-001
  6.6123305e-001
  8.3380556e-001
  1.0055647e+000
  1.1567300e+000
  1.2749891e+000
  1.3534841e+000
  1.3816460e+000
  1.3460906e+000
  1.2386797e+000
  1.0536435e+000
  7.8170368e-001
  4.1757182e-001
 -2.6917662e-002
 -5.1947755e-001
 -1.0144870e+000
 -1.4629559e+000
 -1.8204866e+000
 -2.0551232e+000
 -2.1544696e+000
 -2.1258680e+000
 -1.9912033e+000
 -1.7847010e+000
 -1.5501350e+000
 -1.3315276e+000
 -1.1639914e+000
 -1.0694076e+000
 -1.0527967e+000
 -1.1032418e+000
 -1.2015115e+000
 -1.3222088e+000
 -1.4306155e+000
 -1.4907365e+000
 -1.4781612e+000
 -1.3810061e+000
 -1.1974594e+000
 -9.3679308e-001
 -6.1583862e-001
 -2.5853349e-001
  9.9448848e-002
  4.2186846e-001
  6.9339192e-001
  9.2139029e-001
  1.1217229e+000
  1.3123781e+000
  1.5137846e+000
  1.7440042e+000
  2.0122205e+000
  2.3180426e+000
  2.6541561e+000
  3.0059690e+000
  3.3496227e+000
  3.6543941e+000
  3.8883666e+000
  4.0215026e+000
  4.0284576e+000
  3.8975137e+000
  3.6397977e+000
  3.2873056e+000
  2.8819850e+000
  2.4676465e+000
  2.0854401e+000
  1.7669853e+000
  1.5277049e+000
  1.3667671e+000
  1.2721042e+000
  1.2246741e+000
  1.2005091e+000
  1.1741922e+000
  1.1237940e+000
  1.0321877e+000
  8.8603005e-001
  6.7950961e-001
  4.2030129e-001
  1.2901183e-001
 -1.6693113e-001
 -4.3765049e-001
 -6.5342772e-001
 -7.9017690e-001
 -8.3603812e-001
 -7.9256687e-001
 -6.7168789e-001
 -4.9443149e-001
 -2.9030526e-001
 -9.2806722e-002
  6.6552717e-002
  1.6204657e-001
  1.7579812e-001
  9.9341990e-002
 -6.5804451e-002
 -3.0947499e-001
 -6.1537608e-001
 -9.6262995e-001
 -1.3268096e+000
 -1.6822544e+000
 -2.0048096e+000
 -2.2736983e+000
 -2.4732325e+000
 -2.5942139e+000
 -2.6343795e+000
 -2.5990049e+000
 -2.5017938e+000
 -2.3636125e+000
 -2.2085846e+000
 -2.0611752e+000
 -1.9450938e+000
 -1.8795589e+000
 -1.8735627e+000
 -1.9257104e+000
 -2.0292539e+000
 -2.1736003e+000
 -2.3426258e+000
 -2.5178654e+000
 -2.6848169e+000
 -2.8334813e+000
 -2.9545293e+000
 -3.0397446e+000
 -3.0856706e+000
 -3.0921501e+000
 -3.0579218e+000
 -2.9811675e+000
 -2.8623433e+000
 -2.7031108e+000
 -2.5039042e+000
 -2.2643336e+000
 -1.9853028e+000
 -1.6701417e+000
 -1.3241522e+000
 -9.5460068e-001
 -5.7107690e-001
 -1.8265744e-001
  2.0622564e-001
  5.9495778e-001
  9.8239759e-001
  1.3649741e+000
  1.7370218e+000
  2.0905217e+000
  2.4151990e+000
  2.7006450e+000
  2.9392043e+000
  3.1271970e+000
  3.2639910e+000
  3.3509734e+000
  3.3910955e+000
  3.3875332e+000
  3.3424303e+000
  3.2577770e+000
  3.1368700e+000
  2.9840959e+000
  2.8039412e+000
  2.6004733e+000
  2.3773710e+000
  2.1386459e+000
  1.8899820e+000
  1.6395230e+000
  1.3971726e+000
  1.1734818e+000
  9.7886676e-001
  8.2146408e-001
  7.0422226e-001
  6.2497212e-001
  5.7872148e-001
  5.5812299e-001
  5.5319458e-001
  5.5257845e-001
  5.4444124e-001
  5.1751593e-001
  4.6417010e-001
  3.8135357e-001
  2.6846659e-001
  1.2856441e-001
 -2.8458916e-002
 -1.8827129e-001
 -3.3727320e-001
 -4.6407758e-001
 -5.5897420e-001
 -6.1382604e-001
 -6.2194833e-001
 -5.7920053e-001
 -4.8643528e-001
 -3.5035659e-001
 -1.8206202e-001
  4.7046491e-003
  1.9468500e-001
  3.7298095e-001
  5.2773654e-001
  6.5080070e-001
  7.3625283e-001
  7.8007818e-001
  7.8069681e-001
  7.3845460e-001
  6.5574179e-001
  5.3802844e-001
  3.9411677e-001
  2.3604308e-001
  7.8029772e-002
 -6.6240324e-002
 -1.8576797e-001
 -2.7395057e-001
 -3.3019551e-001
 -3.5765988e-001
 -3.5859241e-001
 -3.3399885e-001
 -2.8652713e-001
 -2.2064057e-001
 -1.4076029e-001
 -5.0710991e-002
  4.6192236e-002
  1.4807595e-001
  2.5511001e-001
  3.6836635e-001
  4.8791231e-001
  6.1124563e-001
  7.3253312e-001
  8.4372759e-001
  9.3777351e-001
  1.0115480e+000
  1.0666751e+000
  1.1092641e+000
  1.1490789e+000
  1.1966774e+000
  1.2597368e+000
  1.3416104e+000
  1.4417126e+000
  1.5552886e+000
  1.6728905e+000
  1.7815930e+000
  1.8679121e+000
  1.9198640e+000
  1.9277401e+000
  1.8864132e+000
  1.7979943e+000
  1.6705705e+000
  1.5144340e+000
  1.3403044e+000
  1.1589869e+000
  9.7985089e-001
  8.0875650e-001
  6.4725580e-001
  4.9268691e-001
  3.3801811e-001
  1.7228681e-001
 -1.6811524e-002
 -2.3899744e-001
 -4.9836232e-001
 -7.9203517e-001
 -1.1101393e+000
 -1.4371824e+000
 -1.7554067e+000
 -2.0489378e+000
 -2.3059913e+000
 -2.5185734e+000
 -2.6824889e+000
 -2.7984849e+000
 -2.8714138e+000
 -2.9077450e+000
 -2.9154455e+000
 -2.9050187e+000
 -2.8873674e+000
 -2.8703033e+000
 -2.8573366e+000
 -2.8480018e+000
 -2.8387060e+000
 -2.8246314e+000
 -2.8011388e+000
 -2.7637421e+000
 -2.7084993e+000
 -2.6331437e+000
 -2.5367891e+000
 -2.4189269e+000
 -2.2799313e+000
 -2.1223464e+000
 -1.9510703e+000
 -1.7725538e+000
 -1.5936300e+000
 -1.4198858e+000
 -1.2543787e+000
 -1.0982618e+000
 -9.5165170e-001
 -8.1241728e-001
 -6.7674257e-001
 -5.4293083e-001
 -4.1080634e-001
 -2.7727900e-001
 -1.3865747e-001
  3.2478641e-003
  1.4201864e-001
  2.7096757e-001
  3.8410131e-001
  4.7630399e-001
  5.4364220e-001
  5.8229820e-001
  5.8940250e-001
  5.6619021e-001
  5.1874647e-001
  4.5582257e-001
  3.8805340e-001
  3.2886671e-001
  2.9267848e-001
  2.9063528e-001
  3.2892785e-001
  4.0925404e-001
  5.2794561e-001
  6.7596638e-001
  8.4121282e-001
  1.0105814e+000
  1.1722261e+000
  1.3186567e+000
  1.4471574e+000
  1.5573616e+000
  1.6501624e+000
  1.7285867e+000
  1.7971384e+000
  1.8594153e+000
  1.9174466e+000
  1.9724535e+000
  2.0232094e+000
  2.0635803e+000
  2.0838740e+000
  2.0747079e+000
  2.0293043e+000
  1.9442867e+000
  1.8204753e+000
  1.6627675e+000
  1.4779315e+000
  1.2721106e+000
  1.0505834e+000
  8.1919297e-001
  5.8517201e-001
  3.5709625e-001
  1.4468796e-001
 -4.1998556e-002
 -1.9451086e-001
 -3.0819938e-001
 -3.8304996e-001
 -4.2276061e-001
 -4.3365781e-001
 -4.2409935e-001
 -4.0300111e-001
 -3.7794213e-001
 -3.5515456e-001
 -3.4080539e-001
 -3.4082342e-001
 -3.5918464e-001
 -3.9711563e-001
 -4.5374889e-001
 -5.2580710e-001
 -6.0618886e-001
 -6.8524225e-001
 -7.5473019e-001
 -8.0898161e-001
 -8.4199121e-001
 -8.4810615e-001
 -8.2786844e-001
 -7.8723661e-001
 -7.2908749e-001
 -6.5428426e-001
 -5.7052993e-001
 -4.8822522e-001
 -4.0924214e-001
 -3.2928828e-001
 -2.4673441e-001
 -1.6348937e-001
 -8.2516718e-002
 -6.5725425e-003
  6.3771335e-002
  1.3000761e-001
  1.9246278e-001
  2.4860441e-001
  2.9419321e-001
  3.2474634e-001
  3.3652514e-001
  3.2766378e-001
  2.9924541e-001
  2.5493702e-001
  1.9897673e-001
  1.3385923e-001
  5.9099827e-002
 -2.8603703e-002
 -1.3305681e-001
 -2.5455159e-001
 -3.8706346e-001
 -5.1927221e-001
 -6.3818477e-001
 -7.3238537e-001
 -7.9425082e-001
 -8.2160616e-001
 -8.1777838e-001
 -7.8993337e-001
 -7.4750922e-001
 -7.0057893e-001
 -6.5840122e-001
 -6.2976239e-001
 -6.2389980e-001
 -6.4922543e-001
 -7.0990656e-001
 -8.0394753e-001
 -9.2385572e-001
 -1.0571642e+000
 -1.1891790e+000
 -1.3081170e+000
 -1.4039257e+000
 -1.4669436e+000
 -1.4952103e+000
 -1.4906753e+000
 -1.4428897e+000
 -1.3372096e+000
 -1.1808365e+000
 -9.9881594e-001
 -8.0803890e-001
 -6.1397087e-001
 -4.2430757e-001
 -2.4739901e-001
 -8.3146338e-002
  7.1450235e-002
  2.1197739e-001
  3.2923178e-001
  4.1685673e-001
  4.7237835e-001
  4.9482675e-001
  4.8345256e-001
  4.3592571e-001
  3.4498578e-001
  1.9914171e-001
 -8.1427776e-003
 -2.6901399e-001
 -5.5991754e-001
 -8.4622574e-001
 -1.0915524e+000
 -1.2680077e+000
 -1.3592045e+000
 -1.3590330e+000
 -1.2716568e+000
 -1.1086615e+000
 -8.8705254e-001
 -6.3168245e-001
 -3.7142019e-001
 -1.2941803e-001
  7.7741263e-002
  2.3506613e-001
  3.3189663e-001
  3.6853943e-001
  3.5673362e-001
  3.1542855e-001
  2.6716241e-001
  2.3413875e-001
  2.3302066e-001
  2.7072097e-001
  3.4301101e-001
  4.3564263e-001
  5.2829174e-001
  6.0106611e-001
  6.4062354e-001
  6.4418144e-001
  6.1974829e-001
  5.7975741e-001
  5.3623314e-001
  5.0563543e-001
  5.0662160e-001
  5.4583127e-001
  6.2152985e-001
  7.4161203e-001
  9.1546943e-001
  1.1304989e+000
  1.3551049e+000
  1.5583650e+000
  1.7164056e+000
  1.8113942e+000
  1.8345184e+000
  1.7854926e+000
  1.6683511e+000
  1.4910637e+000
  1.2645637e+000
  9.9860387e-001
  7.0341076e-001
  3.9437020e-001
  8.9241639e-002
 -1.9849627e-001
 -4.6427429e-001
 -7.1404620e-001
 -9.5708955e-001
 -1.1929851e+000
 -1.4073402e+000
 -1.5781407e+000
 -1.6818308e+000
 -1.6965332e+000
 -1.6064001e+000
 -1.4056984e+000
 -1.0989208e+000
 -6.9867205e-001
 -2.2497394e-001
  2.9438704e-001
  8.2393664e-001
  1.3217170e+000
  1.7435950e+000
  2.0518146e+000
  2.2233893e+000
  2.2531888e+000
  2.1536818e+000
  1.9530715e+000
  1.6876818e+000
  1.3915038e+000
  1.0928879e+000
  8.1604488e-001
  5.7919806e-001
  3.9243037e-001
  2.5810126e-001
  1.7011583e-001
  1.1571484e-001
  8.1993877e-002
  5.7548827e-002
  2.9291523e-002
 -1.4042627e-002
 -7.5061079e-002
 -1.4864211e-001
 -2.2691054e-001
 -3.0165229e-001
 -3.6577388e-001
 -4.1381247e-001
 -4.4088267e-001
 -4.4396881e-001
 -4.2539972e-001
 -3.9306313e-001
 -3.5708487e-001
 -3.2698273e-001
 -3.1029265e-001
 -3.1141663e-001
 -3.3147461e-001
 -3.6931548e-001
 -4.2282264e-001
 -4.9084586e-001
 -5.7459238e-001
 -6.7643497e-001
 -7.9734959e-001
 -9.3458275e-001
 -1.0798994e+000
 -1.2212305e+000
 -1.3474243e+000
 -1.4495461e+000
 -1.5180355e+000
 -1.5438807e+000
 -1.5230421e+000
 -1.4556914e+000
 -1.3431247e+000
 -1.1892699e+000
 -1.0028510e+000
 -7.9698271e-001
 -5.8835548e-001
 -3.9367691e-001
 -2.2479944e-001
 -8.8899289e-002
  8.4934065e-003
  6.2666284e-002
  6.9711605e-002
  2.7888971e-002
 -5.9522753e-002
 -1.8557640e-001
 -3.4440719e-001
 -5.3135260e-001
 -7.3899687e-001
 -9.5635244e-001
 -1.1702189e+000
 -1.3642236e+000
 -1.5178820e+000
 -1.6091767e+000
 -1.6192157e+000
 -1.5373047e+000
 -1.3644115e+000
 -1.1127288e+000
 -8.0218741e-001
 -4.5615218e-001
 -9.7765661e-002
  2.5091792e-001
  5.6800793e-001
  8.3317644e-001
  1.0308052e+000
  1.1515329e+000
  1.1929255e+000
  1.1602504e+000
  1.0655626e+000
  9.2571793e-001
  7.6068805e-001
  5.9003225e-001
  4.2864558e-001
  2.8721818e-001
  1.7600923e-001
  1.0547196e-001
  8.4669611e-002
  1.2110374e-001
  2.2050034e-001
  3.8583870e-001
  6.1659642e-001
  9.0715251e-001
  1.2456601e+000
  1.6151589e+000
  1.9950666e+000
  2.3635741e+000
  2.7013666e+000
  2.9917430e+000
  3.2181603e+000
  3.3666350e+000
  3.4309033e+000
  3.4126263e+000
  3.3178535e+000
  3.1551461e+000
  2.9354683e+000
  2.6706197e+000
  2.3702582e+000
  2.0416248e+000
  1.6922165e+000
  1.3297106e+000
  9.5938960e-001
  5.8596592e-001
  2.1810815e-001
 -1.3203597e-001
 -4.5227077e-001
 -7.2992069e-001
 -9.4974527e-001
 -1.0960236e+000
 -1.1573112e+000
 -1.1288974e+000
 -1.0132082e+000
 -8.2077731e-001
 -5.7003756e-001
 -2.8457174e-001
  9.6008515e-003
  2.8648190e-001
  5.2352979e-001
  7.0292133e-001
  8.1067758e-001
  8.3864764e-001
  7.8816322e-001
  6.6991687e-001
  5.0095658e-001
  3.0205465e-001
  9.4869823e-002
 -1.0166052e-001
 -2.7385049e-001
 -4.1418195e-001
 -5.2152964e-001
 -6.0025732e-001
 -6.5750387e-001
 -7.0152589e-001
 -7.4209519e-001
 -7.8891649e-001
 -8.4788819e-001
 -9.2050819e-001
 -1.0052090e+000
 -1.0965572e+000
 -1.1847807e+000
 -1.2575448e+000
 -1.3018270e+000
 -1.3070777e+000
 -1.2695206e+000
 -1.1926472e+000
 -1.0841671e+000
 -9.5468882e-001
 -8.1792666e-001
 -6.8899100e-001
 -5.8150338e-001
 -5.0600253e-001
 -4.6936310e-001
 -4.7383716e-001
 -5.1608594e-001
 -5.8750870e-001
 -6.7558952e-001
 -7.6515887e-001
 -8.4002480e-001
 -8.8551685e-001
 -8.9066604e-001
 -8.4885253e-001
 -7.5776615e-001
 -6.1943593e-001
 -4.4019630e-001
 -2.3021851e-001
 -2.5881405e-003
  2.2805727e-001
  4.4694473e-001
  6.4077110e-001
  7.9907527e-001
  9.1505688e-001
  9.8585717e-001
  1.0124872e+000
  9.9891067e-001
  9.5102960e-001
  8.7663597e-001
  7.8447448e-001
  6.8122057e-001
  5.7113941e-001
  4.5933589e-001
  3.5096025e-001
  2.4718994e-001
  1.4761132e-001
  5.5500734e-002
 -2.3274786e-002
 -8.3701961e-002
 -1.2273118e-001
 -1.4063516e-001
 -1.4028751e-001
 -1.2361522e-001
 -9.2293076e-002
 -5.1991567e-002
 -1.1929200e-002
  1.9123333e-002
  3.4153773e-002
  2.6993572e-002
 -7.3552326e-003
 -7.1767570e-002
 -1.6746110e-001
 -2.9484928e-001
 -4.5360219e-001
 -6.4279880e-001
 -8.6089520e-001
 -1.1040293e+000
 -1.3646919e+000
 -1.6320582e+000
 -1.8920371e+000
 -2.1270120e+000
 -2.3177057e+000
 -2.4463935e+000
 -2.4997574e+000
 -2.4711507e+000
 -2.3621519e+000
 -2.1827693e+000
 -1.9499814e+000
 -1.6848730e+000
 -1.4099484e+000
 -1.1468206e+000
 -9.1329645e-001
 -7.2131176e-001
 -5.7676439e-001
 -4.7987596e-001
 -4.2634875e-001
 -4.0879583e-001
 -4.1713560e-001
 -4.3997837e-001
 -4.6667356e-001
 -4.8768461e-001
 -4.9671952e-001
 -4.9393264e-001
 -4.8297612e-001
 -4.6484704e-001
 -4.3687829e-001
 -3.9485342e-001
 -3.3415145e-001
 -2.5062844e-001
 -1.4061347e-001
  1.3667328e-004
  1.7646487e-001
  3.9245318e-001
  6.4982076e-001
  9.4666342e-001
  1.2762921e+000
  1.6257163e+000
  1.9763132e+000
  2.3077673e+000
  2.6008305e+000
  2.8381858e+000
  3.0075631e+000
  3.1047096e+000
  3.1325362e+000
  3.0993721e+000
  3.0176241e+000
  2.9018009e+000
  2.7679065e+000
  2.6331240e+000
  2.5130791e+000
  2.4188147e+000
  2.3546723e+000
  2.3167760e+000
  2.2953974e+000
  2.2803241e+000
  2.2628667e+000
  2.2349025e+000
  2.1900050e+000
  2.1252736e+000
  2.0404283e+000
  1.9357533e+000
  1.8114469e+000
  1.6680619e+000
  1.5069805e+000
  1.3303042e+000
  1.1401287e+000
  9.3737163e-001
  7.2070815e-001
  4.8681476e-001
  2.3207605e-001
 -4.5831573e-002
 -3.4661804e-001
 -6.6591001e-001
 -9.9540804e-001
 -1.3249149e+000
 -1.6431878e+000
 -1.9375613e+000
 -2.1957990e+000
 -2.4097066e+000
 -2.5759035e+000
 -2.6938213e+000
 -2.7660465e+000
 -2.8005488e+000
 -2.8087879e+000
 -2.8010806e+000
 -2.7856987e+000
 -2.7703791e+000
 -2.7610986e+000
 -2.7600295e+000
 -2.7659830e+000
 -2.7762081e+000
 -2.7875567e+000
 -2.7971336e+000
 -2.8032743e+000
 -2.8069675e+000
 -2.8114392e+000
 -2.8192623e+000
 -2.8317187e+000
 -2.8514526e+000
 -2.8809825e+000
 -2.9171100e+000
 -2.9519748e+000
 -2.9791830e+000
 -2.9926937e+000
 -2.9816722e+000
 -2.9325366e+000
 -2.8346796e+000
 -2.6822954e+000
 -2.4743932e+000
 -2.2148963e+000
 -1.9115516e+000
 -1.5751136e+000
 -1.2200336e+000
 -8.6364823e-001
 -5.2288340e-001
 -2.1224889e-001
  5.6455985e-002
  2.7585839e-001
  4.4391558e-001
  5.6247551e-001
  6.3675863e-001
  6.7350138e-001
  6.7698121e-001
  6.5101306e-001
  6.0479809e-001
  5.5162027e-001
  5.0368205e-001
  4.7017927e-001
  4.5661264e-001
  4.6589796e-001
  5.0162207e-001
  5.6740548e-001
  6.6333225e-001
  7.8580812e-001
  9.2976222e-001
  1.0893526e+000
  1.2569365e+000
  1.4224322e+000
  1.5749456e+000
  1.7036779e+000
  1.7964432e+000
  1.8414110e+000
  1.8318471e+000
  1.7656557e+000
  1.6419961e+000
  1.4634748e+000
  1.2405238e+000
  9.9034789e-001
  7.3238571e-001
  4.8540083e-001
  2.6573902e-001
  8.4123427e-002
 -5.7178483e-002
 -1.6337711e-001
 -2.4361199e-001
 -3.0777662e-001
 -3.6361488e-001
 -4.1421433e-001
 -4.5767234e-001
 -4.8838427e-001
 -4.9935392e-001
 -4.8510784e-001
 -4.4284155e-001
 -3.7314495e-001
 -2.8207403e-001
 -1.7970547e-001
 -7.5397691e-002
  2.1802146e-002
  1.0035693e-001
  1.4914573e-001
  1.6194735e-001
  1.3921280e-001
  8.9709518e-002
  2.8386765e-002
 -3.0570427e-002
 -7.5367474e-002
 -9.2909809e-002
 -7.1523313e-002
 -7.7693323e-003
  9.4271360e-002
  2.2841470e-001
  3.8769268e-001
  5.6328944e-001
  7.4579917e-001
  9.2718488e-001
  1.1017427e+000
  1.2675964e+000
  1.4268403e+000
  1.5817919e+000
  1.7322404e+000
  1.8769028e+000
  2.0125476e+000
  2.1316824e+000
  2.2264117e+000
  2.2937217e+000
  2.3359486e+000
  2.3604093e+000
  2.3768355e+000
  2.3911072e+000
  2.4055103e+000
  2.4250625e+000
  2.4561986e+000
  2.4996292e+000
  2.5496546e+000
  2.5973407e+000
  2.6310676e+000
  2.6375708e+000
  2.6046196e+000
  2.5226001e+000
  2.3874589e+000
  2.2045561e+000
  1.9866154e+000
  1.7473618e+000
  1.4989211e+000
  1.2530506e+000
  1.0215797e+000
  8.1574707e-001
  6.4505896e-001
  5.1521460e-001
  4.2693570e-001
  3.7713353e-001
  3.6001917e-001
  3.6646772e-001
  3.8524365e-001
  4.0695230e-001
  4.2460238e-001
  4.2990961e-001
  4.1345108e-001
  3.6840759e-001
  2.8991170e-001
  1.7226810e-001
  1.0937964e-002
 -1.9437897e-001
 -4.3990404e-001
 -7.1846356e-001
 -1.0205227e+000
 -1.3364337e+000
 -1.6562713e+000
 -1.9673476e+000
 -2.2544654e+000
 -2.5025922e+000
 -2.6984495e+000
 -2.8313676e+000
 -2.8946750e+000
 -2.8869804e+000
 -2.8129340e+000
 -2.6834512e+000
 -2.5147260e+000
 -2.3259088e+000
 -2.1369257e+000
 -1.9672806e+000
 -1.8347083e+000
 -1.7534167e+000
 -1.7326438e+000
 -1.7750204e+000
 -1.8754512e+000
 -2.0217882e+000
 -2.1953104e+000
 -2.3711221e+000
 -2.5222357e+000
 -2.6258502e+000
 -2.6665587e+000
 -2.6360987e+000
 -2.5331984e+000
 -2.3638625e+000
 -2.1396383e+000
 -1.8746636e+000
 -1.5846810e+000
 -1.2863199e+000
 -9.9416819e-001
 -7.1786298e-001
 -4.6038609e-001
 -2.1766202e-001
  1.8818659e-002
  2.5787121e-001
  5.0574009e-001
  7.6432621e-001
  1.0312843e+000
  1.3015135e+000
  1.5669269e+000
  1.8157358e+000
  2.0341523e+000
  2.2090164e+000
  2.3308176e+000
  2.3971574e+000
  2.4130821e+000
  2.3878935e+000
  2.3333982e+000
  2.2635558e+000
  2.1915473e+000
  2.1267570e+000
  2.0755589e+000
  2.0432507e+000
  2.0348739e+000
  2.0555568e+000
  2.1086720e+000
  2.1924797e+000
  2.3002902e+000
  2.4237186e+000
  2.5538344e+000
  2.6802810e+000
  2.7915837e+000
  2.8762732e+000
  2.9233722e+000
  2.9229877e+000
  2.8678497e+000
  2.7550853e+000
  2.5874775e+000
  2.3742173e+000
  2.1303795e+000
  1.8740352e+000
  1.6229202e+000
  1.3928227e+000
  1.1956055e+000
  1.0362876e+000
  9.1366894e-001
  8.2405956e-001
  7.6176839e-001
  7.1732420e-001
  6.7988145e-001
  6.4203259e-001
  6.0093481e-001
  5.5733178e-001
  5.1591500e-001
  4.8458912e-001
  4.7208015e-001
  4.8641536e-001
  5.3241676e-001
  6.0785829e-001
  7.0390330e-001
  8.0886680e-001
  9.0889011e-001
  9.8719260e-001
  1.0259942e+000
  1.0093202e+000
  9.2611363e-001
  7.7406415e-001
  5.6043631e-001
  2.9927717e-001
  9.9064070e-003
 -2.8328572e-001
 -5.5410930e-001
 -7.8003664e-001
 -9.4535264e-001
 -1.0415949e+000
 -1.0681623e+000
 -1.0332263e+000
 -9.5213852e-001
 -8.4320972e-001
 -7.2493072e-001
 -6.1499700e-001
 -5.2665904e-001
 -4.6445763e-001
 -4.2563744e-001
 -4.0451593e-001
 -3.9388990e-001
 -3.8564409e-001
 -3.7270997e-001
 -3.5042580e-001
 -3.1804846e-001
 -2.8029302e-001
 -2.4568269e-001
 -2.2309700e-001
 -2.1975960e-001
 -2.3990864e-001
 -2.8415427e-001
 -3.5035724e-001
 -4.3366246e-001
 -5.2557169e-001
 -6.1601067e-001
 -6.9754243e-001
 -7.6639123e-001
 -8.2035128e-001
 -8.5852934e-001
 -8.8263389e-001
 -8.9591752e-001
 -9.0097524e-001
 -8.9961301e-001
 -8.9372969e-001
 -8.8578771e-001
 -8.7918855e-001
 -8.7825942e-001
 -8.8787783e-001
 -9.1311090e-001
 -9.5886218e-001
 -1.0303607e+000
 -1.1336739e+000
 -1.2739762e+000
 -1.4529437e+000
 -1.6675250e+000
 -1.9094400e+000
 -2.1655717e+000
 -2.4198765e+000
 -2.6547149e+000
 -2.8516088e+000
 -2.9940739e+000
 -3.0713030e+000
 -3.0795016e+000
 -3.0213263e+000
 -2.9054790e+000
 -2.7456953e+000
 -2.5583676e+000
 -2.3604182e+000
 -2.1672187e+000
 -1.9891506e+000
 -1.8306515e+000
 -1.6932791e+000
 -1.5755234e+000
 -1.4695016e+000
 -1.3641210e+000
 -1.2524178e+000
 -1.1325251e+000
 -1.0043091e+000
 -8.6923185e-001
 -7.3211119e-001
 -6.0019959e-001
 -4.8092764e-001
 -3.8120679e-001
 -3.0659539e-001
 -2.5890084e-001
 -2.3517862e-001
 -2.2853903e-001
 -2.2877351e-001
 -2.2492453e-001
 -2.0925248e-001
 -1.7735929e-001
 -1.2523971e-001
 -4.8265484e-002
  5.8118109e-002
  1.9775867e-001
  3.7242453e-001
  5.8004010e-001
  8.1417930e-001
  1.0646425e+000
  1.3182322e+000
  1.5602907e+000
  1.7767965e+000
  1.9552042e+000
  2.0841750e+000
  2.1543735e+000
  2.1601856e+000
  2.1011037e+000
  1.9830736e+000
  1.8185793e+000
  1.6240792e+000
  1.4178710e+000
  1.2197186e+000
  1.0478996e+000
  9.1463115e-001
  8.2610642e-001
  7.8527956e-001
  7.9187726e-001
  8.4156514e-001
  9.2639257e-001
  1.0351054e+000
  1.1548857e+000
  1.2748630e+000
  1.3869397e+000
  1.4840079e+000
  1.5602532e+000
  1.6130918e+000
  1.6427530e+000
  1.6499938e+000
  1.6350432e+000
  1.5974897e+000
  1.5355788e+000
  1.4459848e+000
  1.3247526e+000
  1.1682874e+000
  9.7484778e-001
  7.4656686e-001
  4.9005586e-001
  2.1548164e-001
 -6.4434465e-002
 -3.3553441e-001
 -5.8333442e-001
 -7.9415521e-001
 -9.5709351e-001
 -1.0660188e+000
 -1.1204387e+000
 -1.1254376e+000
 -1.0903463e+000
 -1.0265172e+000
 -9.4611090e-001
 -8.6140855e-001
 -7.8332177e-001
 -7.2028789e-001
 -6.7779102e-001
 -6.5756528e-001
 -6.5790864e-001
 -6.7536862e-001
 -7.0481189e-001
 -7.3859924e-001
 -7.6820533e-001
 -7.8716903e-001
 -7.9216370e-001
 -7.8262405e-001
 -7.6057277e-001
 -7.3066255e-001
 -6.9948826e-001
 -6.7393466e-001
 -6.6005651e-001
 -6.6269664e-001
 -6.8395753e-001
 -7.2126210e-001
 -7.6804317e-001
 -8.1616049e-001
 -8.5689497e-001
 -8.8080728e-001
 -8.7910160e-001
 -8.4621615e-001
 -7.8067343e-001
 -6.8434700e-001
 -5.6318219e-001
 -4.2851106e-001
 -2.9568775e-001
 -1.8090642e-001
 -9.9183452e-002
 -6.3459397e-002
 -8.3222527e-002
 -1.6282026e-001
 -3.0140780e-001
 -4.9420539e-001
 -7.3231721e-001
 -1.0015075e+000
 -1.2837075e+000
 -1.5605874e+000
 -1.8152779e+000
 -2.0324396e+000
 -2.1997778e+000
 -2.3100747e+000
 -2.3608256e+000
 -2.3523591e+000
 -2.2874547e+000
 -2.1719996e+000
 -2.0144654e+000
 -1.8247059e+000
 -1.6136695e+000
 -1.3933497e+000
 -1.1760013e+000
 -9.7312902e-001
 -7.9496096e-001
 -6.5019764e-001
 -5.4543135e-001
 -4.8411807e-001
 -4.6595880e-001
 -4.8732666e-001
 -5.4118617e-001
 -6.1594623e-001
 -6.9668402e-001
 -7.6944258e-001
 -8.2270798e-001
 -8.4554817e-001
 -8.2965293e-001
 -7.7400203e-001
 -6.8348545e-001
 -5.6331358e-001
 -4.1806387e-001
 -2.5426727e-001
 -7.9668437e-002
  9.9556864e-002
  2.7837372e-001
  4.5140466e-001
  6.1424812e-001
  7.6480536e-001
  9.0265522e-001
  1.0286603e+000
  1.1439097e+000
  1.2472996e+000
  1.3360971e+000
  1.4093372e+000
  1.4686148e+000
  1.5162215e+000
  1.5548817e+000
  1.5884230e+000
  1.6205097e+000
  1.6527607e+000
  1.6849966e+000
  1.7165793e+000
  1.7467775e+000
  1.7748290e+000
  1.8006082e+000
  1.8249815e+000
  1.8496296e+000
  1.8772660e+000
  1.9119818e+000
  1.9588060e+000
  2.0229300e+000
  2.1091816e+000
  2.2207316e+000
  2.3570425e+000
  2.5132995e+000
  2.6812821e+000
  2.8492838e+000
  3.0017397e+000
  3.1211289e+000
  3.1911725e+000
  3.1987553e+000
  3.1348166e+000
  2.9953975e+000
  2.7822693e+000
  2.5023212e+000
  2.1664689e+000
  1.7888857e+000
  1.3862484e+000
  9.7670788e-001
  5.7866929e-001
  2.0939950e-001
 -1.1636741e-001
 -3.8784052e-001
 -5.9962174e-001
 -7.5196984e-001
 -8.4945970e-001
 -9.0020486e-001
 -9.1587774e-001
 -9.0986202e-001
 -8.9422638e-001
 -8.7878718e-001
 -8.7167098e-001
 -8.7876799e-001
 -9.0270154e-001
 -9.4306775e-001
 -9.9758711e-001
 -1.0631008e+000
 -1.1364445e+000
 -1.2154611e+000
 -1.2995134e+000
 -1.3888774e+000
 -1.4835444e+000
 -1.5821617e+000
 -1.6813190e+000
 -1.7752446e+000
 -1.8562783e+000
 -1.9161247e+000
 -1.9474503e+000
 -1.9451595e+000
 -1.9069384e+000
 -1.8334267e+000
 -1.7284350e+000
 -1.5985474e+000
 -1.4520213e+000
 -1.2982278e+000
 -1.1473172e+000
 -1.0087505e+000
 -8.8960129e-001
 -7.9369629e-001
 -7.2128209e-001
 -6.6957387e-001
 -6.3397326e-001
 -6.0879695e-001
 -5.8791082e-001
 -5.6584479e-001
 -5.3872253e-001
 -5.0512845e-001
 -4.6671832e-001
 -4.2727796e-001
 -3.9071604e-001
 -3.5989816e-001
 -3.3658375e-001
 -3.2113301e-001
 -3.1205260e-001
 -3.0656381e-001
 -3.0169195e-001
 -2.9442292e-001
 -2.8131300e-001
 -2.5881814e-001
 -2.2419105e-001
 -1.7615710e-001
 -1.1532943e-001
 -4.4276316e-002
  3.3516668e-002
  1.1494115e-001
  1.9741545e-001
  2.7880518e-001
  3.5757236e-001
  4.3101141e-001
  4.9295648e-001
  5.3482382e-001
  5.4888403e-001
  5.3042376e-001
  4.7900668e-001
  3.9901518e-001
  2.9847753e-001
  1.8766509e-001
  7.8290826e-002
 -1.8280778e-002
 -9.3155670e-002
 -1.4038521e-001
 -1.5690984e-001
 -1.4306669e-001
 -1.0302574e-001
 -4.5239063e-002
  1.7766207e-002
  7.1972790e-002
  1.0608275e-001
  1.1428827e-001
  9.6593002e-002
  5.8155894e-002
  8.2613980e-003
 -4.2202412e-002
 -8.3740496e-002
 -1.0917762e-001
 -1.1291783e-001
 -9.0925010e-002
 -4.1599839e-002
  3.3746626e-002
  1.3080424e-001
  2.4190016e-001
  3.5621919e-001
  4.6205230e-001
  5.5004747e-001
  6.1515181e-001
  6.5690547e-001
  6.7932744e-001
  6.9016204e-001
  6.9892569e-001
  7.1486439e-001
  7.4571584e-001
  7.9679917e-001
  8.7056690e-001
  9.6682366e-001
  1.0826728e+000
  1.2127440e+000
  1.3506585e+000
  1.4906801e+000
  1.6289062e+000
  1.7642686e+000
  1.8978173e+000
  2.0304278e+000
  2.1620285e+000
  2.2922599e+000
  2.4197944e+000
  2.5411186e+000
  2.6509736e+000
  2.7433597e+000
  2.8122471e+000
  2.8524224e+000
  2.8598108e+000
  2.8314235e+000
  2.7662124e+000
  2.6658791e+000
  2.5346714e+000
  2.3788024e+000
  2.2050993e+000
  2.0195468e+000
  1.8277272e+000
  1.6361197e+000
  1.4519576e+000
  1.2821783e+000
  1.1323307e+000
  1.0057151e+000
  9.0329043e-001
  8.2419277e-001
  7.6616371e-001
  7.2583602e-001
  6.9896749e-001
  6.8069916e-001
  6.6568043e-001
  6.4785823e-001
  6.2074691e-001
  5.7844225e-001
  5.1593569e-001
  4.2868477e-001
  3.1290941e-001
  1.6623818e-001
 -1.2265673e-002
 -2.2188740e-001
 -4.5956692e-001
 -7.1939338e-001
 -9.9236182e-001
 -1.2667274e+000
 -1.5295050e+000
 -1.7683081e+000
 -1.9729490e+000
 -2.1366943e+000
 -2.2563866e+000
 -2.3314985e+000
 -2.3639497e+000
 -2.3587986e+000
 -2.3237787e+000
 -2.2678049e+000
 -2.2004908e+000
 -2.1321306e+000
 -2.0722300e+000
 -2.0276587e+000
 -2.0019924e+000
 -1.9955031e+000
 -2.0057988e+000
 -2.0294887e+000
 -2.0628376e+000
 -2.1009395e+000
 -2.1382029e+000
 -2.1701285e+000
 -2.1932740e+000
 -2.2041003e+000
 -2.1994750e+000
 -2.1778587e+000
 -2.1393429e+000
 -2.0850464e+000
 -2.0164473e+000
 -1.9345594e+000
 -1.8394818e+000
 -1.7305117e+000
 -1.6064737e+000
 -1.4659667e+000
 -1.3074694e+000
 -1.1298563e+000
 -9.3324793e-001
 -7.1943289e-001
 -4.9229518e-001
 -2.5867065e-001
 -2.7753701e-002
  1.9084828e-001
  3.8772351e-001
  5.5328532e-001
  6.7932711e-001
  7.6143690e-001
  7.9948008e-001
  7.9665243e-001
  7.5907607e-001
  6.9583124e-001
  6.1790026e-001
  5.3608209e-001
  4.5997660e-001
  3.9825482e-001
  3.5754703e-001
  3.4064640e-001
  3.4725354e-001
  3.7609344e-001
  4.2500487e-001
  4.8999793e-001
  5.6560626e-001
  6.4574500e-001
  7.2408527e-001
  7.9468908e-001
  8.5258813e-001
  8.9325139e-001
  9.1267534e-001
  9.0858949e-001
  8.7987541e-001
  8.2456135e-001
  7.4055153e-001
  6.2814297e-001
  4.9027435e-001
  3.3105620e-001
  1.5538130e-001
 -3.0567670e-002
 -2.1954273e-001
 -4.0373706e-001
 -5.7428118e-001
 -7.2059024e-001
 -8.3162990e-001
 -8.9817345e-001
 -9.1396377e-001
 -8.7595281e-001
 -7.8480117e-001
 -6.4495147e-001
 -4.6365700e-001
 -2.5010736e-001
 -1.5138966e-002
  2.2915505e-001
  4.6956388e-001
  6.9164075e-001
  8.8118411e-001
  1.0265095e+000
  1.1191232e+000
  1.1536562e+000
  1.1282760e+000
  1.0443766e+000
  9.0663960e-001
  7.2435687e-001
  5.1051057e-001
  2.7863312e-001
  4.2552349e-002
 -1.8201897e-001
 -3.7911788e-001
 -5.3549623e-001
 -6.4156272e-001
 -6.9158427e-001
 -6.8361310e-001
 -6.1847402e-001
 -5.0003604e-001
 -3.3657307e-001
 -1.3979601e-001
  7.7916561e-002
  3.0488445e-001
  5.3020528e-001
  7.4402688e-001
  9.3763395e-001
  1.1034510e+000
  1.2351585e+000
  1.3274068e+000
  1.3754333e+000
  1.3755315e+000
  1.3258035e+000
  1.2268627e+000
  1.0824315e+000
  8.9876915e-001
  6.8345767e-001
  4.4593380e-001
  1.9893935e-001
 -4.1962418e-002
 -2.6027937e-001
 -4.4033859e-001
 -5.6923953e-001
 -6.3871511e-001
 -6.4604943e-001
 -5.9479367e-001
 -4.9485456e-001
 -3.6059118e-001
 -2.0799945e-001
 -5.2830661e-002
  9.0355930e-002
  2.0849969e-001
  2.8993240e-001
  3.2488767e-001
  3.0668087e-001
  2.3223876e-001
  1.0170979e-001
 -8.1764888e-002
 -3.1227616e-001
 -5.8227547e-001
 -8.8387302e-001
 -1.2092597e+000
 -1.5504475e+000
 -1.8984651e+000
 -2.2422534e+000
 -2.5686363e+000
 -2.8635522e+000
 -3.1131637e+000
 -3.3046315e+000
 -3.4274536e+000
 -3.4749659e+000
 -3.4451411e+000
 -3.3406431e+000
 -3.1687292e+000
 -2.9410525e+000
 -2.6728246e+000
 -2.3812391e+000
 -2.0841825e+000
 -1.7991600e+000
 -1.5414891e+000
 -1.3224732e+000
 -1.1489691e+000
 -1.0238274e+000
 -9.4632639e-001
 -9.1264167e-001
 -9.1651771e-001
 -9.4994796e-001
 -1.0038003e+000
 -1.0683661e+000
 -1.1339189e+000
 -1.1910954e+000
 -1.2310799e+000
 -1.2457665e+000
 -1.2279879e+000
 -1.1718062e+000
 -1.0731037e+000
 -9.3037743e-001
 -7.4526067e-001
 -5.2238417e-001
 -2.6892697e-001
  5.6408737e-003
  2.9044666e-001
  5.7503584e-001
  8.4980616e-001
  1.1047734e+000
  1.3304745e+000
  1.5205974e+000
  1.6717141e+000
  1.7814244e+000
  1.8488815e+000
  1.8757576e+000
  1.8656895e+000
  1.8237813e+000
  1.7555541e+000
  1.6652513e+000
  1.5565239e+000
  1.4349044e+000
  1.3081994e+000
  1.1849609e+000
  1.0736020e+000
  9.8251318e-001
  9.1952084e-001
  8.9039437e-001
  8.9861312e-001
  9.4659092e-001
  1.0349123e+000
  1.1598930e+000
  1.3140539e+000
  1.4883619e+000
  1.6718448e+000
  1.8505151e+000
  2.0091517e+000
  2.1337529e+000
  2.2129125e+000
  2.2390649e+000
  2.2087917e+000
  2.1218762e+000
  1.9816504e+000
  1.7964124e+000
  1.5788270e+000
  1.3433837e+000
  1.1048165e+000
  8.7773049e-001
  6.7503638e-001
  5.0554137e-001
  3.7347115e-001
  2.7950599e-001
  2.2075637e-001
  1.9062854e-001
  1.8056609e-001
  1.8243455e-001
  1.8976554e-001
  1.9807485e-001
  2.0503965e-001
  2.1025031e-001
  2.1386587e-001
  2.1490514e-001
  2.1082039e-001
  1.9798902e-001
  1.7190118e-001
  1.2732961e-001
  5.8954649e-002
 -3.7915868e-002
 -1.6645057e-001
 -3.2718804e-001
 -5.1715825e-001
 -7.2928377e-001
 -9.5216842e-001
 -1.1706566e+000
 -1.3671681e+000
 -1.5236015e+000
 -1.6236500e+000
 -1.6549567e+000
 -1.6106638e+000
 -1.4901128e+000
 -1.2987267e+000
 -1.0473628e+000
 -7.5127717e-001
 -4.2855358e-001
 -9.8496793e-002
  2.1935493e-001
  5.0673826e-001
  7.4935227e-001
  9.3785481e-001
  1.0663432e+000
  1.1327674e+000
  1.1408283e+000
  1.0978238e+000
  1.0105378e+000
  8.8506214e-001
  7.2853200e-001
  5.4918669e-001
  3.5580223e-001
  1.5682715e-001
 -4.1156614e-002
 -2.3369584e-001
 -4.1694070e-001
 -5.8684204e-001
 -7.3970764e-001
 -8.7207716e-001
 -9.7994428e-001
 -1.0595955e+000
 -1.1093050e+000
 -1.1294168e+000
 -1.1213283e+000
 -1.0869735e+000
 -1.0286923e+000
 -9.4948752e-001
 -8.5403192e-001
 -7.4957972e-001
 -6.4590620e-001
 -5.5426361e-001
 -4.8562590e-001
 -4.4898515e-001
 -4.5044030e-001
 -4.9246210e-001
 -5.7323512e-001
 -6.8738013e-001
 -8.2735489e-001
 -9.8349302e-001
 -1.1434525e+000
 -1.2928824e+000
 -1.4169883e+000
 -1.5024373e+000
 -1.5393982e+000
 -1.5227236e+000
 -1.4519602e+000
 -1.3311722e+000
 -1.1686487e+000
 -9.7572431e-001
 -7.6506744e-001
 -5.4942201e-001
 -3.4067368e-001
 -1.4884179e-001
  1.8799704e-002
  1.5822699e-001
  2.6854796e-001
  3.5120850e-001
  4.0899797e-001
  4.4491505e-001
  4.6118722e-001
  4.5938561e-001
  4.4113610e-001
  4.0809616e-001
  3.6175379e-001
  3.0379365e-001
  2.3664968e-001
  1.6423212e-001
  9.2743372e-002
  3.0488713e-002
 -1.3266181e-002
 -2.9283405e-002
 -9.1843173e-003
  5.3290061e-002
  1.6120808e-001
  3.1404688e-001
  5.0745206e-001
  7.3347240e-001
  9.8158170e-001
  1.2391600e+000
  1.4915706e+000
  1.7239585e+000
  1.9240338e+000
  2.0834431e+000
  2.1980247e+000
  2.2679483e+000
  2.2973515e+000
  2.2936342e+000
  2.2666296e+000
  2.2271620e+000
  2.1852255e+000
  2.1486669e+000
  2.1227281e+000
  2.1098876e+000
  2.1096615e+000
  2.1189908e+000
  2.1334270e+000
  2.1478126e+000
  2.1564461e+000
  2.1542485e+000
  2.1383040e+000
  2.1080963e+000
  2.0650663e+000
  2.0121843e+000
  1.9527998e+000
  1.8893834e+000
  1.8229782e+000
  1.7522954e+000
  1.6727090e+000
  1.5771579e+000
  1.4584814e+000
  1.3107741e+000
  1.1294015e+000
  9.1166742e-001
  6.5854184e-001
  3.7493222e-001
  6.8209945e-002
 -2.5153004e-001
 -5.7011192e-001
 -8.7129040e-001
 -1.1408209e+000
 -1.3676552e+000
 -1.5430719e+000
 -1.6612788e+000
 -1.7205718e+000
 -1.7227170e+000
 -1.6718300e+000
 -1.5745911e+000
 -1.4405052e+000
 -1.2814395e+000
 -1.1114119e+000
 -9.4549140e-001
 -7.9719763e-001
 -6.7750181e-001
 -5.9548749e-001
 -5.5701490e-001
 -5.6272373e-001
 -6.0847628e-001
 -6.8662302e-001
 -7.8727784e-001
 -9.0063193e-001
 -1.0178284e+000
 -1.1300128e+000
 -1.2295581e+000
 -1.3125871e+000
 -1.3787278e+000
 -1.4292522e+000
 -1.4662729e+000
 -1.4924052e+000
 -1.5106848e+000
 -1.5245018e+000
 -1.5365269e+000
 -1.5473490e+000
 -1.5549056e+000
 -1.5544226e+000
 -1.5394677e+000
 -1.5039841e+000
 -1.4429537e+000
 -1.3524840e+000
 -1.2315480e+000
 -1.0837784e+000
 -9.1729721e-001
 -7.4377249e-001
 -5.7680661e-001
 -4.2944746e-001
 -3.1322798e-001
 -2.3861655e-001
 -2.1330140e-001
 -2.3898894e-001
 -3.1108186e-001
 -4.2021396e-001
 -5.5290226e-001
 -6.9252288e-001
 -8.2148672e-001
 -9.2312853e-001
 -9.8409508e-001
 -9.9719941e-001
 -9.6124959e-001
 -8.7768747e-001
 -7.4936654e-001
 -5.8286928e-001
 -3.8836474e-001
 -1.7650334e-001
  4.1044744e-002
  2.4879037e-001
  4.3018257e-001
  5.7332918e-001
  6.7191594e-001
  7.2241428e-001
  7.2304147e-001
  6.7446568e-001
  5.7890105e-001
  4.3857639e-001
  2.5788012e-001
  4.7345799e-002
 -1.7722733e-001
 -3.9931381e-001
 -6.0312874e-001
 -7.7276600e-001
 -8.9408904e-001
 -9.5758119e-001
 -9.5783682e-001
 -8.9201322e-001
 -7.6072372e-001
 -5.6987724e-001
 -3.3148292e-001
 -6.3671173e-002
  2.1097857e-001
  4.6871822e-001
  6.8721774e-001
  8.4704157e-001
  9.3335879e-001
  9.3766675e-001
  8.5874134e-001
  7.0288927e-001
  4.8375038e-001
  2.2164800e-001
 -5.7961745e-002
 -3.2701809e-001
 -5.5740564e-001
 -7.2356996e-001
 -8.0592466e-001
 -7.9383349e-001
 -6.8652901e-001
 -4.9234957e-001
 -2.2724843e-001
  8.7398937e-002
  4.2768622e-001
  7.7018386e-001
  1.0943837e+000
  1.3845016e+000
  1.6304910e+000
  1.8279929e+000
  1.9776452e+000
  2.0838448e+000
  2.1526974e+000
  2.1900918e+000
  2.2004419e+000
  2.1857101e+000
  2.1457234e+000
  2.0797445e+000
  1.9869406e+000
  1.8660592e+000
  1.7166021e+000
  1.5407132e+000
  1.3437316e+000
  1.1335309e+000
  9.1949547e-001
  7.1145080e-001
  5.1831579e-001
  3.4660380e-001
  2.0008340e-001
  8.0759556e-002
 -1.1025433e-002
 -7.7361927e-002
 -1.2191425e-001
 -1.4800381e-001
 -1.5847714e-001
 -1.5666611e-001
 -1.4570383e-001
 -1.2679130e-001
 -9.9232244e-002
 -6.2377564e-002
 -1.6694520e-002
  3.6351167e-002
  9.2965809e-002
  1.4521244e-001
  1.8232527e-001
  1.9384323e-001
  1.7102050e-001
  1.0751527e-001
  8.4727376e-004
 -1.4661925e-001
 -3.2733918e-001
 -5.2828753e-001
 -7.3209624e-001
 -9.2016188e-001
 -1.0749623e+000
 -1.1809825e+000
 -1.2273443e+000
 -1.2115471e+000
 -1.1396488e+000
 -1.0237677e+000
 -8.8091132e-001
 -7.3197307e-001
 -5.9872579e-001
 -5.0039641e-001
 -4.5095710e-001
 -4.5728391e-001
 -5.1908731e-001
 -6.3055204e-001
 -7.8241720e-001
 -9.6355590e-001
 -1.1618195e+000
 -1.3645953e+000
 -1.5595178e+000
 -1.7355115e+000
 -1.8840406e+000
 -2.0001232e+000
 -2.0826084e+000
 -2.1334819e+000
 -2.1559915e+000
 -2.1524721e+000
 -2.1229042e+000
 -2.0649022e+000
 -1.9752755e+000
 -1.8524642e+000
 -1.6982321e+000
 -1.5178437e+000
 -1.3196656e+000
 -1.1148581e+000
 -9.1606450e-001
 -7.3487669e-001
 -5.8091873e-001
 -4.6247086e-001
 -3.8455991e-001
 -3.4593139e-001
 -3.3926755e-001
 -3.5267939e-001
 -3.7072440e-001
 -3.7762479e-001
 -3.5955752e-001
 -3.0423178e-001
 -2.0421956e-001
 -6.2639530e-002
  1.0862402e-001
  2.9552298e-001
  4.8413481e-001
  6.5986918e-001
  8.0862225e-001
  9.1926570e-001
  9.8474922e-001
  1.0021327e+000
  9.7337124e-001
  9.0570346e-001
  8.0939628e-001
  6.9510803e-001
  5.7291180e-001
  4.5173582e-001
  3.3932402e-001
  2.4268422e-001
  1.6795855e-001
  1.2004850e-001
  1.0170412e-001
  1.1156130e-001
  1.4430223e-001
  1.9280911e-001
  2.4833164e-001
  2.9952566e-001
  3.3364251e-001
  3.3864338e-001
  3.0501389e-001
  2.2781447e-001
  1.0784512e-001
 -4.8504308e-002
 -2.2900432e-001
 -4.1504754e-001
 -5.8337930e-001
 -7.0981172e-001
 -7.7183325e-001
 -7.5000422e-001
 -6.3085765e-001
 -4.1027426e-001
 -9.4491213e-002
  3.0062832e-001
  7.5103797e-001
  1.2271036e+000
  1.6965092e+000
  2.1270578e+000
  2.4898835e+000
  2.7619890e+000
  2.9281526e+000
  2.9827714e+000
  2.9292338e+000
  2.7771688e+000
  2.5420351e+000
  2.2460713e+000
  1.9158580e+000
  1.5777235e+000
  1.2549993e+000
  9.6698616e-001
  7.2767297e-001
  5.4474918e-001
  4.2006201e-001
  3.5097876e-001
  3.3120275e-001
  3.5137094e-001
  4.0024936e-001
  4.6630045e-001
  5.3882102e-001
  6.0891199e-001
  6.7063216e-001
  7.2166139e-001
  7.6243675e-001
  7.9446680e-001
  8.1910708e-001
  8.3693559e-001
  8.4744527e-001
  8.4916585e-001
  8.3988051e-001
  8.1683073e-001
  7.7738377e-001
  7.2005137e-001
  6.4516221e-001
  5.5513544e-001
  4.5483414e-001
  3.5178176e-001
  2.5554657e-001
  1.7633186e-001
  1.2363781e-001
  1.0507293e-001
  1.2510105e-001
  1.8421263e-001
  2.7904077e-001
  4.0315759e-001
  5.4815005e-001
  7.0462777e-001
  8.6315078e-001
  1.0150994e+000
  1.1529825e+000
  1.2703320e+000
  1.3620898e+000
  1.4251579e+000
  1.4581376e+000
  1.4605881e+000
  1.4324058e+000
  1.3733142e+000
  1.2826468e+000
  1.1595246e+000
  1.0032334e+000
  8.1386307e-001
  5.9309696e-001
  3.4464785e-001
  7.4668885e-002
 -2.0794741e-001
 -4.9224379e-001
 -7.6646946e-001
 -1.0187988e+000
 -1.2381393e+000
 -1.4152985e+000
 -1.5437487e+000
 -1.6205172e+000
 -1.6472235e+000
 -1.6293584e+000
 -1.5741962e+000
 -1.4899944e+000
 -1.3861588e+000
 -1.2722485e+000
 -1.1563606e+000
 -1.0445580e+000
 -9.4083830e-001
 -8.4701557e-001
 -7.6319188e-001
 -6.8845367e-001
 -6.2100015e-001
 -5.5891692e-001
 -5.0163419e-001
 -4.4959515e-001
 -4.0240438e-001
 -3.5854367e-001
 -3.1663130e-001
 -2.7570876e-001
 -2.3472970e-001
 -1.9309546e-001
 -1.5159238e-001
 -1.1200650e-001
 -7.6160943e-002
 -4.5860698e-002
 -2.3134335e-002
 -1.0001878e-002
 -8.2010017e-003
 -1.9044623e-002
 -4.3029796e-002
 -7.9495683e-002
 -1.2664394e-001
 -1.8171616e-001
 -2.4111582e-001
 -3.0077773e-001
 -3.5675578e-001
 -4.0563844e-001
 -4.4472868e-001
 -4.7250702e-001
 -4.8929671e-001
 -4.9719370e-001
 -4.9903338e-001
 -4.9773319e-001
 -4.9614440e-001
 -4.9592525e-001
 -4.9612179e-001
 -4.9356573e-001
 -4.8424940e-001
 -4.6385119e-001
 -4.2778942e-001
 -3.7159750e-001
 -2.9145108e-001
 -1.8483411e-001
 -5.1349641e-002
  1.0661721e-001
  2.8394858e-001
  4.7347380e-001
  6.6678780e-001
  8.5539699e-001
  1.0322854e+000
  1.1923625e+000
  1.3317504e+000
  1.4478619e+000
  1.5402050e+000
  1.6099731e+000
  1.6589625e+000
  1.6894683e+000
  1.7045856e+000
  1.7076700e+000
  1.7015250e+000
  1.6881181e+000
  1.6684566e+000
  1.6424901e+000
  1.6094304e+000
  1.5681031e+000
  1.5170308e+000
  1.4550250e+000
  1.3822255e+000
  1.3003749e+000
  1.2123133e+000
  1.1216925e+000
  1.0327452e+000
  9.4953893e-001
  8.7520059e-001
  8.1148372e-001
  7.5851003e-001
  7.1475417e-001
  6.7745793e-001
  6.4305575e-001
  6.0749873e-001
  5.6684637e-001
  5.1815233e-001
  4.6001404e-001
  3.9273205e-001
  3.1834836e-001
  2.4027167e-001
  1.6254876e-001
  8.9327090e-002
  2.4153114e-002
 -3.0911710e-002
 -7.5155520e-002
 -1.0848885e-001
 -1.3146638e-001
 -1.4563014e-001
 -1.5338276e-001
 -1.5773256e-001
 -1.6162975e-001
 -1.6697811e-001
 -1.7443326e-001
 -1.8400680e-001
 -1.9530286e-001
 -2.0734173e-001
 -2.1888569e-001
 -2.2914218e-001
 -2.3790619e-001
 -2.4517303e-001
 -2.5126146e-001
 -2.5725712e-001
 -2.6492634e-001
 -2.7634039e-001
 -2.9374202e-001
 -3.1950419e-001
 -3.5593723e-001
 -4.0491033e-001
 -4.6777746e-001
 -5.4589475e-001
 -6.4045409e-001
 -7.5157846e-001
 -8.7860082e-001
 -1.0211219e+000
 -1.1784282e+000
 -1.3479536e+000
 -1.5251114e+000
 -1.7043320e+000
 -1.8796144e+000
 -2.0446199e+000
 -2.1934728e+000
 -2.3216868e+000
 -2.4259381e+000
 -2.5034786e+000
 -2.5522191e+000
 -2.5708775e+000
 -2.5592136e+000
 -2.5184734e+000
 -2.4510121e+000
 -2.3592284e+000
 -2.2451991e+000
 -2.1110028e+000
 -1.9590788e+000
 -1.7927219e+000
 -1.6165821e+000
 -1.4368348e+000
 -1.2609955e+000
 -1.0974066e+000
 -9.5446955e-001
 -8.3985647e-001
 -7.5976173e-001
 -7.1826046e-001
 -7.1702730e-001
 -7.5517831e-001
 -8.2889812e-001
 -9.3121785e-001
 -1.0524853e+000
 -1.1812247e+000
 -1.3052994e+000
 -1.4135530e+000
 -1.4970098e+000
 -1.5491448e+000
 -1.5666253e+000
 -1.5503091e+000
 -1.5044363e+000
 -1.4348392e+000
 -1.3483210e+000
 -1.2525270e+000
 -1.1552159e+000
 -1.0634366e+000
 -9.8250913e-001
 -9.1494582e-001
 -8.6041666e-001
 -8.1671964e-001
 -7.8066798e-001
 -7.4879179e-001
 -7.1811989e-001
 -6.8675636e-001
 -6.5413690e-001
 -6.2090232e-001
 -5.8829443e-001
 -5.5743899e-001
 -5.2885285e-001
 -5.0195888e-001
 -4.7489397e-001
 -4.4475924e-001
 -4.0754836e-001
 -3.5805761e-001
 -2.9106031e-001
 -2.0307643e-001
 -9.3120274e-002
  3.7314700e-002
  1.8434078e-001
  3.4200838e-001
  5.0284522e-001
  6.5836546e-001
  7.9993449e-001
  9.1991938e-001
  1.0124605e+000
  1.0739132e+000
  1.1033225e+000
  1.1026319e+000
  1.0764023e+000
  1.0312350e+000
  9.7468740e-001
  9.1398748e-001
  8.5542860e-001
  8.0431310e-001
  7.6467215e-001
  7.3891234e-001
  7.2763859e-001
  7.2963375e-001
  7.4227124e-001
  7.6212248e-001
  7.8534890e-001
  8.0830054e-001
  8.2803306e-001
  8.4204435e-001
  8.4852140e-001
  8.4734593e-001
  8.3931418e-001
  8.2412987e-001
  8.0065113e-001
  7.6847822e-001
  7.2776842e-001
  6.7829217e-001
  6.1950152e-001
  5.5087992e-001
  4.7239061e-001
  3.8533913e-001
  2.9247907e-001
  1.9718634e-001
  1.0328897e-001
  1.5630468e-002
 -6.0270249e-002
 -1.1949068e-001
 -1.5826408e-001
 -1.7370868e-001
 -1.6424593e-001
 -1.3066331e-001
 -7.6102506e-002
 -5.2429967e-003
  7.5689257e-002
  1.5874682e-001
  2.3541827e-001
  2.9808171e-001
  3.4059060e-001
  3.5867663e-001
  3.5025154e-001
  3.1514542e-001
  2.5514481e-001
  1.7437275e-001
  7.8646825e-002
 -2.5863081e-002
 -1.3332243e-001
 -2.3859884e-001
 -3.3788218e-001
 -4.2910984e-001
 -5.1219941e-001
 -5.8909611e-001
 -6.6303736e-001
 -7.3721855e-001
 -8.1385632e-001
 -8.9377039e-001
 -9.7609901e-001
 -1.0581975e+000
 -1.1358410e+000
 -1.2038085e+000
 -1.2567990e+000
 -1.2903447e+000
 -1.3016051e+000
 -1.2900928e+000
 -1.2578244e+000
 -1.2089140e+000
 -1.1493387e+000
 -1.0865673e+000
 -1.0282899e+000
 -9.8081777e-001
 -9.4805704e-001
 -9.3112790e-001
 -9.2842993e-001
 -9.3605990e-001
 -9.4857272e-001
 -9.5992508e-001
 -9.6426927e-001
 -9.5667334e-001
 -9.3392508e-001
 -8.9508405e-001
 -8.4165984e-001
 -7.7747501e-001
 -7.0789773e-001
 -6.3862890e-001
 -5.7471748e-001
 -5.1991572e-001
 -4.7624656e-001
 -4.4397635e-001
 -4.2193809e-001
 -4.0797700e-001
 -3.9949846e-001
 -3.9409172e-001
 -3.8991963e-001
 -3.8572688e-001
 -3.8091664e-001
 -3.7575618e-001
 -3.7106232e-001
 -3.6743020e-001
 -3.6492494e-001
 -3.6309614e-001
 -3.6064827e-001
 -3.5497395e-001
 -3.4220454e-001
 -3.1785597e-001
 -2.7755045e-001
 -2.1753789e-001
 -1.3558002e-001
 -3.1993521e-002
  9.0516118e-002
  2.2789208e-001
  3.7502618e-001
  5.2569463e-001
  6.7324694e-001
  8.1150561e-001
  9.3532387e-001
  1.0410487e+000
  1.1267594e+000
  1.1922119e+000
  1.2388114e+000
  1.2695283e+000
  1.2884395e+000
  1.2999695e+000
  1.3081552e+000
  1.3162108e+000
  1.3263248e+000
  1.3396917e+000
  1.3568625e+000
  1.3781649e+000
  1.4039064e+000
  1.4344366e+000
  1.4700310e+000
  1.5106761e+000
  1.5559753e+000
  1.6051387e+000
  1.6570552e+000
  1.7104473e+000
  1.7637127e+000
  1.8145236e+000
  1.8598496e+000
  1.8964394e+000
  1.9211589e+000
  1.9310856e+000
  1.9239649e+000
  1.8990417e+000
  1.8572788e+000
  1.8008730e+000
  1.7333145e+000
  1.6597107e+000
  1.5859758e+000
  1.5174355e+000
  1.4581791e+000
  1.4108484e+000
  1.3764315e+000
  1.3543743e+000
  1.3428432e+000
  1.3389723e+000
  1.3393915e+000
  1.3408764e+000
  1.3407563e+000
  1.3371925e+000
  1.3292508e+000
  1.3167430e+000
  1.3001877e+000
  1.2807845e+000
  1.2598943e+000
  1.2382972e+000
  1.2158373e+000
  1.1914163e+000
  1.1631391e+000
  1.1286056e+000
  1.0852118e+000
  1.0303459e+000
  9.6177257e-001
  8.7815250e-001
  7.7921097e-001
  6.6564709e-001
  5.3929582e-001
  4.0332809e-001
  2.6214614e-001
  1.2104879e-001
 -1.4329826e-002
 -1.3873179e-001
 -2.4773525e-001
 -3.3808069e-001
 -4.0799200e-001
 -4.5727564e-001
 -4.8734908e-001
 -5.0130051e-001
 -5.0328186e-001
 -4.9744923e-001
 -4.8756741e-001
 -4.7709634e-001
 -4.6884823e-001
 -4.6462908e-001
 -4.6530619e-001
 -4.7087140e-001
 -4.8070323e-001
 -4.9422143e-001
 -5.1096646e-001
 -5.3007361e-001
 -5.5058938e-001
 -5.7247914e-001
 -5.9652988e-001
 -6.2326275e-001
 -6.5260757e-001
 -6.8420272e-001
 -7.1696365e-001
 -7.4860695e-001
 -7.7608069e-001
 -7.9608799e-001
 -8.0556592e-001
 -8.0258705e-001
 -7.8652527e-001
 -7.5741752e-001
 -7.1637078e-001
 -6.6658371e-001
 -6.1312851e-001
 -5.6184967e-001
 -5.1845969e-001
 -4.8773347e-001
 -4.7287028e-001
 -4.7520034e-001
 -4.9408735e-001
 -5.2696528e-001
 -5.6958840e-001
 -6.1650237e-001
 -6.6174333e-001
 -6.9953634e-001
 -7.2479830e-001
 -7.3366268e-001
 -7.2404868e-001
 -6.9604171e-001
 -6.5192883e-001
 -5.9587111e-001
 -5.3324381e-001
 -4.6987663e-001
 -4.1129452e-001
 -3.6193154e-001
 -3.2447663e-001
 -2.9953470e-001
 -2.8551419e-001
 -2.7871150e-001
 -2.7387698e-001
 -2.6517290e-001
 -2.4696899e-001
 -2.1444188e-001
 -1.6433192e-001
 -9.5552972e-002
 -9.2816261e-003
  9.1283846e-002
  2.0142683e-001
  3.1562911e-001
  4.2813587e-001
  5.3341753e-001
  6.2681337e-001
  7.0513762e-001
  7.6708943e-001
  8.1336665e-001
  8.4629938e-001
  8.6917710e-001
  8.8564873e-001
  8.9915240e-001
  9.1244941e-001
  9.2738277e-001
  9.4464459e-001
  9.6359582e-001
  9.8256727e-001
  9.9952397e-001
  1.0125799e+000
  1.0203671e+000
  1.0225212e+000
  1.0200568e+000
  1.0152504e+000
  1.0111023e+000
  1.0106647e+000
  1.0163631e+000
  1.0294048e+000
  1.0494342e+000
  1.0745154e+000
  1.1014024e+000
  1.1260368e+000
  1.1441845e+000
  1.1521774e+000
  1.1475832e+000
  1.1295857e+000
  1.0989921e+000
  1.0580630e+000
  1.0101899e+000
  9.5931330e-001
  9.0924419e-001
  8.6318235e-001
  8.2336400e-001
  7.9084845e-001
  7.6563092e-001
  7.4677556e-001
  7.3238579e-001
  7.2005463e-001
  7.0767391e-001
  6.9359601e-001
  6.7640794e-001
  6.5517116e-001
  6.2969554e-001
  6.0045468e-001
  5.6843759e-001
  5.3472877e-001
  4.9979152e-001
  4.6337155e-001
  4.2498943e-001
  3.8401473e-001
  3.3933832e-001
  2.8956430e-001
  2.3351074e-001
  1.7029305e-001
  9.9149357e-002
  1.9516355e-002
 -6.8820439e-002
 -1.6568352e-001
 -2.7037546e-001
 -3.8160152e-001
 -4.9765308e-001
 -6.1642459e-001
 -7.3507685e-001
 -8.5006824e-001
 -9.5765924e-001
 -1.0541576e+000
 -1.1360328e+000
 -1.2005791e+000
 -1.2467257e+000
 -1.2752857e+000
 -1.2887498e+000
 -1.2908859e+000
 -1.2861218e+000
 -1.2788950e+000
 -1.2732650e+000
 -1.2726394e+000
 -1.2794503e+000
 -1.2950123e+000
 -1.3196039e+000
 -1.3523924e+000
 -1.3913281e+000
 -1.4334954e+000
 -1.4758224e+000
 -1.5156676e+000
 -1.5511442e+000
 -1.5812557e+000
 -1.6057343e+000
 -1.6245492e+000
 -1.6373946e+000
 -1.6434950e+000
 -1.6417014e+000
 -1.6307230e+000
 -1.6094478e+000
 -1.5772437e+000
 -1.5341189e+000
 -1.4807695e+000
 -1.4185953e+000
 -1.3496955e+000
 -1.2768939e+000
 -1.2037113e+000
 -1.1341535e+000
 -1.0723778e+000
 -1.0222672e+000
 -9.8681681e-001
 -9.6756775e-001
 -9.6438535e-001
 -9.7550619e-001
 -9.9783396e-001
 -1.0274567e+000
 -1.0600430e+000
 -1.0910645e+000
 -1.1162217e+000
 -1.1319384e+000
 -1.1355354e+000
 -1.1252458e+000
 -1.1002348e+000
 -1.0604965e+000
 -1.0067550e+000
 -9.4043379e-001
 -8.6336889e-001
 -7.7743119e-001
 -6.8445451e-001
 -5.8631348e-001
 -4.8491118e-001
 -3.8218274e-001
 -2.7999428e-001
 -1.7992104e-001
 -8.3309178e-002
  8.3978227e-003
  9.3678752e-002
  1.7132927e-001
  2.4056234e-001
  3.0081016e-001
  3.5186275e-001
  3.9423349e-001
  4.2904568e-001
  4.5758352e-001
  4.8117312e-001
  5.0132640e-001
  5.1965882e-001
  5.3767616e-001
  5.5678303e-001
  5.7830994e-001
  6.0321779e-001
  6.3171184e-001
  6.6314192e-001
  6.9611543e-001
  7.2866492e-001
  7.5853027e-001
  7.8351099e-001
  8.0171854e-001
  8.1177595e-001
  8.1300741e-001
  8.0545743e-001
  7.8978447e-001
  7.6725935e-001
  7.3975528e-001
  7.0954602e-001
  6.7902260e-001
  6.5040286e-001
  6.2545004e-001
  6.0536105e-001
  5.9081039e-001
  5.8197785e-001
  5.7860266e-001
  5.8006502e-001
  5.8543053e-001
  5.9359391e-001
  6.0351870e-001
  6.1426793e-001
  6.2488395e-001
  6.3444772e-001
  6.4227045e-001
  6.4787362e-001
  6.5080646e-001
  6.5058661e-001
  6.4675763e-001
  6.3884771e-001
  6.2629721e-001
  6.0853758e-001
  5.8512415e-001
  5.5579231e-001
  5.2050956e-001
  4.7950018e-001
  4.3313684e-001
  3.8187381e-001
  3.2633279e-001
  2.6726139e-001
  2.0535552e-001
  1.4133285e-001
  7.6189929e-002
  1.1168848e-002
 -5.2518016e-002
 -1.1372493e-001
 -1.7120917e-001
 -2.2373504e-001
 -2.7038123e-001
 -3.1063584e-001
 -3.4436549e-001
 -3.7203823e-001
 -3.9503605e-001
 -4.1557840e-001
 -4.3620245e-001
 -4.5933093e-001
 -4.8707110e-001
 -5.2074140e-001
 -5.6032247e-001
 -6.0473437e-001
 -6.5265503e-001
 -7.0280587e-001
 -7.5381088e-001
 -8.0434763e-001
 -8.5338469e-001
 -9.0011996e-001
 -9.4383670e-001
 -9.8388154e-001
 -1.0196967e+000
 -1.0507899e+000
 -1.0765612e+000
 -1.0962048e+000
 -1.1088309e+000
 -1.1134561e+000
 -1.1089491e+000
 -1.0945335e+000
 -1.0704767e+000
 -1.0381561e+000
 -9.9965349e-001
 -9.5740452e-001
 -9.1392171e-001
 -8.7153003e-001
 -8.3212508e-001
 -7.9705012e-001
 -7.6712523e-001
 -7.4262433e-001
 -7.2314308e-001
 -7.0778056e-001
 -6.9560181e-001
 -6.8580574e-001
 -6.7761475e-001
 -6.7048935e-001
 -6.6446159e-001
 -6.5991963e-001
 -6.5703464e-001
 -6.5553544e-001
 -6.5482551e-001
 -6.5397594e-001
 -6.5162655e-001
 -6.4616948e-001
 -6.3609183e-001
 -6.2008148e-001
 -5.9704967e-001
 -5.6636279e-001
 -5.2805905e-001
 -4.8281955e-001
 -4.3181428e-001
 -3.7643661e-001
 -3.1788757e-001
 -2.5690910e-001
 -1.9384684e-001
 -1.2869069e-001
 -6.0997937e-002
  9.7911191e-003
  8.3783627e-002
  1.6057809e-001
  2.3958583e-001
  3.1996867e-001
  4.0040430e-001
  4.7923345e-001
  5.5478907e-001
  6.2563250e-001
  6.9083180e-001
  7.5015850e-001
  8.0400928e-001
  8.5327244e-001
  8.9921241e-001
  9.4310538e-001
  9.8578424e-001
  1.0274620e+000
  1.0677951e+000
  1.1060020e+000
  1.1410031e+000
  1.1715502e+000
  1.1963660e+000
  1.2143306e+000
  1.2247565e+000
  1.2276844e+000
  1.2239784e+000
  1.2152102e+000
  1.2035120e+000
  1.1912027e+000
  1.1802073e+000
  1.1718734e+000
  1.1671754e+000
  1.1666465e+000
  1.1701487e+000
  1.1770294e+000
  1.1864478e+000
  1.1974528e+000
  1.2089525e+000
  1.2197756e+000
  1.2287363e+000
  1.2346722e+000
  1.2365317e+000
  1.2334592e+000
  1.2248410e+000
  1.2103988e+000
  1.1902998e+000
  1.1651755e+000
  1.1360436e+000
  1.1041305e+000
  1.0706045e+000
  1.0364145e+000
  1.0023241e+000
  9.6885211e-001
  9.3608362e-001
  9.0372385e-001
  8.7136485e-001
  8.3853578e-001
  8.0462680e-001
  7.6905066e-001
  7.3155280e-001
  6.9236083e-001
  6.5213065e-001
  6.1186802e-001
  5.7285352e-001
  5.3635960e-001
  5.0322630e-001
  4.7375344e-001
  4.4783238e-001
  4.2484831e-001
  4.0352410e-001
  3.8211813e-001
  3.5876143e-001
  3.3171720e-001
  2.9964085e-001
  2.6173646e-001
  2.1775644e-001
  1.6802590e-001
  1.1343534e-001
  5.5220212e-002
 -5.3185417e-003
 -6.7035765e-002
 -1.2910227e-001
 -1.9098742e-001
 -2.5226916e-001
 -3.1257694e-001
 -3.7167218e-001
 -4.2936320e-001
 -4.8532222e-001
 -5.3910878e-001
 -5.9026779e-001
 -6.3835306e-001
 -6.8301125e-001
 -7.2399332e-001
 -7.6100348e-001
 -7.9382042e-001
 -8.2261679e-001
 -8.4782841e-001
 -8.6974078e-001
 -8.8839599e-001
 -9.0367352e-001
 -9.1531158e-001
 -9.2298443e-001
 -9.2634411e-001
 -9.2495052e-001
 -9.1838534e-001
 -9.0655154e-001
 -8.8970980e-001
 -8.6823241e-001
 -8.4253533e-001
 -8.1318000e-001
 -7.8075939e-001
 -7.4575872e-001
 -7.0864901e-001
 -6.6996558e-001
 -6.3041299e-001
 -5.9113390e-001
 -5.5359740e-001
 -5.1905452e-001
 -4.8847788e-001
 -4.6293881e-001
 -4.4347312e-001
 -4.3058821e-001
 -4.2421856e-001
 -4.2391285e-001
 -4.2878011e-001
 -4.3737436e-001
 -4.4777555e-001
 -4.5778081e-001
 -4.6513467e-001
 -4.6775413e-001
 -4.6394928e-001
 -4.5257552e-001
 -4.3296722e-001
 -4.0478261e-001
 -3.6807910e-001
 -3.2353193e-001
 -2.7240056e-001
 -2.1625278e-001
 -1.5680816e-001
 -9.5931614e-002
 -3.5410098e-002
  2.3469864e-002
  8.0012157e-002
  1.3385216e-001
  1.8495921e-001
  2.3388340e-001
  2.8159748e-001
  3.2908718e-001
  3.7729058e-001
  4.2717226e-001
  4.7947907e-001
  5.3441492e-001
  5.9152534e-001
  6.4976043e-001
  7.0764325e-001
  7.6350611e-001
  8.1574674e-001
  8.6302730e-001
  9.0432295e-001
  9.3891845e-001
  9.6650520e-001
  9.8726177e-001
  1.0018380e+000
  1.0112752e+000
  1.0167766e+000
  1.0193253e+000
  1.0194458e+000
  1.0171927e+000
  1.0121192e+000
  1.0033052e+000
  9.8971555e-001
  9.7066514e-001
  9.4601216e-001
  9.1617988e-001
  8.8213170e-001
  8.4524001e-001
  8.0717602e-001
  7.6986421e-001
  7.3522605e-001
  7.0473760e-001
  6.7917645e-001
  6.5857246e-001
  6.4214641e-001
  6.2833860e-001
  6.1507517e-001
  6.0014155e-001
  5.8157434e-001
  5.5801300e-001
  5.2885539e-001
  4.9420423e-001
  4.5477840e-001
  4.1177888e-001
  3.6668597e-001
  3.2105069e-001
  2.7624922e-001
  2.3320847e-001
  1.9236203e-001
  1.5381690e-001
  1.1741359e-001
  8.2710504e-002
  4.9171618e-002
  1.6410574e-002
 -1.5716606e-002
 -4.7093376e-002
 -7.7399553e-002
 -1.0631821e-001
 -1.3362616e-001
 -1.5913422e-001
 -1.8284852e-001
 -2.0530849e-001
 -2.2757994e-001
 -2.5097369e-001
 -2.7690729e-001
 -3.0684985e-001
 -3.4209683e-001
 -3.8349779e-001
 -4.3131290e-001
 -4.8523252e-001
 -5.4445194e-001
 -6.0774146e-001
 -6.7364987e-001
 -7.4079730e-001
 -8.0790162e-001
 -8.7364359e-001
 -9.3681950e-001
 -9.9662692e-001
 -1.0526523e+000
 -1.1046429e+000
 -1.1523658e+000
 -1.1955526e+000
 -1.2338012e+000
 -1.2664715e+000
 -1.2927751e+000
 -1.3120145e+000
 -1.3237122e+000
 -1.3276172e+000
 -1.3238216e+000
 -1.3128919e+000
 -1.2958191e+000
 -1.2738727e+000
 -1.2485431e+000
 -1.2214749e+000
 -1.1943171e+000
 -1.1685077e+000
 -1.1450836e+000
 -1.1245433e+000
 -1.1068105e+000
 -1.0912993e+000
 -1.0770823e+000
 -1.0630612e+000
 -1.0481403e+000
 -1.0314020e+000
 -1.0122157e+000
 -9.9023451e-001
 -9.6546192e-001
 -9.3835579e-001
 -9.0976428e-001
 -8.8069089e-001
 -8.5217197e-001
 -8.2522403e-001
 -8.0066967e-001
 -7.7890417e-001
 -7.5987833e-001
 -7.4321086e-001
 -7.2824357e-001
 -7.1405319e-001
 -6.9956831e-001
 -6.8369838e-001
 -6.6542668e-001
 -6.4391369e-001
 -6.1859447e-001
 -5.8915470e-001
 -5.5551662e-001
 -5.1786902e-001
 -4.7655163e-001
 -4.3181919e-001
 -3.8380977e-001
 -3.3267891e-001
 -2.7859049e-001
 -2.2156118e-001
 -1.6146697e-001
 -9.8213146e-002
 -3.1749578e-002
  3.8021425e-002
  1.1106045e-001
  1.8688199e-001
  2.6455440e-001
  3.4288051e-001
  4.2047230e-001
  4.9584794e-001
  5.6760238e-001
  6.3452847e-001
  6.9575257e-001
  7.5089409e-001
  8.0005723e-001
  8.4365393e-001
  8.8228129e-001
  9.1667059e-001
  9.4755156e-001
  9.7544165e-001
  1.0005846e+000
  1.0230097e+000
  1.0425169e+000
  1.0586194e+000
  1.0706492e+000
  1.0779234e+000
  1.0798391e+000
  1.0759490e+000
  1.0660756e+000
  1.0503784e+000
  1.0293647e+000
  1.0038162e+000
  9.7467927e-001
  9.4296975e-001
  9.0963165e-001
  8.7534451e-001
  8.4050514e-001
  8.0535442e-001
  7.6996389e-001
  7.3410994e-001
  6.9734550e-001
  6.5922475e-001
  6.1939528e-001
  5.7756441e-001
  5.3359336e-001
  4.8762273e-001
  4.4002083e-001
  3.9125474e-001
  3.4183877e-001
  2.9225722e-001
  2.4292908e-001
  1.9425203e-001
  1.4654859e-001
  9.9907848e-002
  5.4209700e-002
  9.2684368e-003
 -3.5094980e-002
 -7.9022185e-002
 -1.2255367e-001
 -1.6562912e-001
 -2.0810443e-001
 -2.4974048e-001
 -2.9028686e-001
 -3.2966576e-001
 -3.6799201e-001
 -4.0544872e-001
 -4.4226765e-001
 -4.7877618e-001
 -5.1532933e-001
 -5.5222819e-001
 -5.8967565e-001
 -6.2775278e-001
 -6.6648118e-001
 -7.0594700e-001
 -7.4631132e-001
 -7.8771544e-001
 -8.3019948e-001
 -8.7370351e-001
 -9.1807027e-001
 -9.6299261e-001
 -1.0080088e+000
 -1.0525765e+000
 -1.0959999e+000
 -1.1372799e+000
 -1.1751952e+000
 -1.2085378e+000
 -1.2362207e+000
 -1.2573294e+000
 -1.2712093e+000
 -1.2775154e+000
 -1.2761732e+000
 -1.2672979e+000
 -1.2511046e+000
 -1.2278700e+000
 -1.1979034e+000
 -1.1615578e+000
 -1.1193195e+000
 -1.0718961e+000
 -1.0202103e+000
 -9.6538565e-001
 -9.0870743e-001
 -8.5149947e-001
 -7.9508253e-001
 -7.4086578e-001
 -6.9023205e-001
 -6.4418591e-001
 -6.0328239e-001
 -5.6780271e-001
 -5.3762872e-001
 -5.1197722e-001
 -4.8958267e-001
 -4.6915586e-001
 -4.4958848e-001
 -4.2993007e-001
 -4.0943595e-001
 -3.8763838e-001
 -3.6425310e-001
 -3.3911740e-001
 -3.1229404e-001
 -2.8410601e-001
 -2.5506923e-001
 -2.2587431e-001
 -1.9715213e-001
 -1.6906431e-001
 -1.4130212e-001
 -1.1345726e-001
 -8.5137516e-002
 -5.5878269e-002
 -2.5244273e-002
  7.0483887e-003
  4.1244582e-002
  7.7703055e-002
  1.1692644e-001
  1.5951325e-001
  2.0605233e-001
  2.5698129e-001
  3.1251332e-001
  3.7265550e-001
  4.3726927e-001
  5.0606401e-001
  5.7849308e-001
  6.5361242e-001
  7.3000881e-001
  8.0584447e-001
  8.7901908e-001
  9.4737538e-001
  1.0089581e+000
  1.0623360e+000
  1.1067748e+000
  1.1421810e+000
  1.1691030e+000
  1.1887928e+000
  1.2030127e+000
  1.2137012e+000
  1.2228152e+000
  1.2322505e+000
  1.2436611e+000
  1.2582498e+000
  1.2766087e+000
  1.2986527e+000
  1.3236525e+000
  1.3503623e+000
  1.3772666e+000
  1.4028623e+000
  1.4258191e+000
  1.4450911e+000
  1.4600248e+000
  1.4703419e+000
  1.4761037e+000
  1.4777421e+000
  1.4758769e+000
  1.4709857e+000
  1.4633322e+000
  1.4530724e+000
  1.4401742e+000
  1.4243160e+000
  1.4049844e+000
  1.3816827e+000
  1.3541288e+000
  1.3224364e+000
  1.2871500e+000
  1.2491177e+000
  1.2093069e+000
  1.1686387e+000
  1.1278086e+000
  1.0871459e+000
  1.0465979e+000
  1.0058685e+000
  9.6458126e-001
  9.2237218e-001
  8.7895906e-001
  8.3420035e-001
  7.8801993e-001
  7.4029508e-001
  6.9091609e-001
  6.3996928e-001
  5.8777193e-001
  5.3474138e-001
  4.8131881e-001
  4.2795715e-001
  3.7496165e-001
  3.2231524e-001
  2.6976524e-001
  2.1705388e-001
  1.6404637e-001
  1.1075976e-001
  5.7347975e-002
  4.0656890e-003
 -4.8775642e-002
 -1.0084884e-001
 -1.5176463e-001
 -2.0098416e-001
 -2.4790369e-001
 -2.9206207e-001
 -3.3324862e-001
 -3.7153861e-001
 -4.0733723e-001
 -4.4133479e-001
 -4.7437347e-001
 -5.0730619e-001
 -5.4079695e-001
 -5.7509544e-001
 -6.0999036e-001
 -6.4493192e-001
 -6.7908030e-001
 -7.1131485e-001
 -7.4039184e-001
 -7.6517013e-001
 -7.8472971e-001
 -7.9843719e-001
 -8.0598704e-001
 -8.0739751e-001
 -8.0301764e-001
 -7.9355702e-001
 -7.8001453e-001
 -7.6350462e-001
 -7.4509484e-001
 -7.2569260e-001
 -7.0594006e-001
 -6.8616078e-001
 -6.6638115e-001
 -6.4641972e-001
 -6.2599329e-001
 -6.0480706e-001
 -5.8263534e-001
 -5.5937851e-001
 -5.3506470e-001
 -5.0990467e-001
 -4.8436115e-001
 -4.5908513e-001
 -4.3486483e-001
 -4.1262349e-001
 -3.9314843e-001
 -3.7671446e-001
 -3.6307924e-001
 -3.5171335e-001
 -3.4192641e-001
 -3.3292657e-001
 -3.2386361e-001
 -3.1382052e-001
 -3.0183694e-001
 -2.8702535e-001
 -2.6867664e-001
 -2.4628090e-001
 -2.1955492e-001
 -1.8851697e-001
 -1.5339901e-001
 -1.1444723e-001
 -7.1931645e-002
 -2.6321373e-002
  2.1661605e-002
  7.1064189e-002
  1.2073579e-001
  1.6945654e-001
  2.1610031e-001
  2.5976035e-001
  2.9987302e-001
  3.3628863e-001
  3.6924184e-001
  3.9925021e-001
  4.2694253e-001
  4.5291765e-001
  4.7769692e-001
  5.0169780e-001
  5.2523165e-001
  5.4854189e-001
  5.7173803e-001
  5.9467916e-001
  6.1701243e-001
  6.3831485e-001
  6.5816739e-001
  6.7618682e-001
  6.9209262e-001
  7.0575732e-001
  7.1719291e-001
  7.2651715e-001
  7.3394135e-001
  7.3973861e-001
  7.4422518e-001
  7.4778369e-001
  7.5081239e-001
  7.5358257e-001
  7.5622666e-001
  7.5886548e-001
  7.6163516e-001
  7.6462526e-001
  7.6793704e-001
  7.7178575e-001
  7.7645509e-001
  7.8215598e-001
  7.8895545e-001
  7.9677592e-001
  8.0534485e-001
  8.1412552e-001
  8.2236801e-001
  8.2921675e-001
  8.3373268e-001
  8.3492988e-001
  8.3188796e-001
  8.2385056e-001
  8.1031944e-001
  7.9114030e-001
  7.6642775e-001
  7.3639993e-001
  7.0130448e-001
  6.6140075e-001
  6.1696515e-001
  5.6839127e-001
  5.1623793e-001
  4.6113825e-001
  4.0381493e-001
  3.4519713e-001
  2.8629016e-001
  2.2789897e-001
  1.7060496e-001
  1.1490505e-001
  6.1201676e-002
  9.7064387e-003
 -3.9598688e-002
 -8.6960102e-002
 -1.3282010e-001
 -1.7771200e-001
 -2.2214475e-001
 -2.6653019e-001
 -3.1114430e-001
 -3.5610037e-001
 -4.0137034e-001
 -4.4684457e-001
 -4.9238858e-001
 -5.3786933e-001
 -5.8315800e-001
 -6.2812012e-001
 -6.7262843e-001
 -7.1660962e-001
 -7.6009917e-001
 -8.0324183e-001
 -8.4625272e-001
 -8.8937973e-001
 -9.3281958e-001
 -9.7655518e-001
 -1.0203013e+000
 -1.0635774e+000
 -1.1056895e+000
 -1.1456589e+000
 -1.1823603e+000
 -1.2147559e+000
 -1.2419975e+000
 -1.2634401e+000
 -1.2786788e+000
 -1.2875594e+000
 -1.2901850e+000
 -1.2869401e+000
 -1.2784812e+000
 -1.2656462e+000
 -1.2493806e+000
 -1.2306834e+000
 -1.2105051e+000
 -1.1896210e+000
 -1.1686039e+000
 -1.1478601e+000
 -1.1276801e+000
 -1.1082691e+000
 -1.0897513e+000
 -1.0721460e+000
 -1.0553436e+000
 -1.0390645e+000
 -1.0228898e+000
 -1.0063710e+000
 -9.8904936e-001
 -9.7040083e-001
 -9.4993253e-001
 -9.2730805e-001
 -9.0233450e-001
 -8.7493706e-001
 -8.4513883e-001
 -8.1298916e-001
 -7.7863098e-001
 -7.4243469e-001
 -7.0491680e-001
 -6.6653953e-001
 -6.2763532e-001
 -5.8842864e-001
 -5.4909041e-001
 -5.0975712e-001
 -4.7052631e-001
 -4.3147765e-001
 -3.9262532e-001
 -3.5379015e-001
 -3.1466818e-001
 -2.7503087e-001
 -2.3472274e-001
 -1.9354961e-001
 -1.5133686e-001
 -1.0804603e-001
 -6.3793485e-002
 -1.8839712e-002
  2.6398319e-002
  7.1298315e-002
  1.1501806e-001
  1.5659472e-001
  1.9504773e-001
  2.2942250e-001
  2.5899397e-001
  2.8351359e-001
  3.0316184e-001
  3.1833789e-001
  3.2961194e-001
  3.3775081e-001
  3.4367927e-001
  3.4839035e-001
  3.5282202e-001
  3.5771882e-001
  3.6353059e-001
  3.7036497e-001
  3.7801882e-001
  3.8606544e-001
  3.9394402e-001
  4.0105059e-001
  4.0683526e-001
  4.1086597e-001
  4.1286496e-001
  4.1273707e-001
  4.1058892e-001
  4.0672212e-001
  4.0159598e-001
  3.9571942e-001
  3.8949431e-001
  3.8307547e-001
  3.7629328e-001
  3.6864911e-001
  3.5942152e-001
  3.4783585e-001
  3.3321442e-001
  3.1508611e-001
  2.9328771e-001
  2.6800892e-001
  2.3979751e-001
  2.0954775e-001
  1.7841841e-001
  1.4765496e-001
  1.1847423e-001
  9.1991953e-002
  6.9060729e-002
  5.0082441e-002
  3.4980932e-002
  2.3272485e-002
  1.4163952e-002
  6.6877779e-003
 -1.7829062e-004
 -7.4740056e-003
 -1.6162605e-002
 -2.6969513e-002
 -4.0352748e-002
 -5.6606231e-002
 -7.5852556e-002
 -9.7976804e-002
 -1.2270717e-001
 -1.4978107e-001
 -1.7900809e-001
 -2.1025530e-001
 -2.4342472e-001
 -2.7842428e-001
 -3.1510999e-001
 -3.5325243e-001
 -3.9255740e-001
 -4.3270535e-001
 -4.7334278e-001
 -5.1407142e-001
 -5.5445573e-001
 -5.9402902e-001
 -6.3231292e-001
 -6.6888005e-001
 -7.0338280e-001
 -7.3556096e-001
 -7.6526386e-001
 -7.9244080e-001
 -8.1707836e-001
 -8.3915644e-001
 -8.5859327e-001
 -8.7521305e-001
 -8.8880921e-001
 -8.9924769e-001
 -9.0650665e-001
 -9.1066965e-001
 -9.1187296e-001
 -9.1025286e-001
 -9.0594841e-001
 -8.9913803e-001
 -8.9007245e-001
 -8.7910769e-001
 -8.6667367e-001
 -8.5319271e-001
 -8.3903313e-001
 -8.2449521e-001
 -8.0979325e-001
 -7.9502682e-001
 -7.8018129e-001
 -7.6523926e-001
 -7.5021958e-001
 -7.3500962e-001
 -7.1939314e-001
 -7.0331776e-001
 -6.8676832e-001
 -6.6942227e-001
 -6.5080696e-001
 -6.3066491e-001
 -6.0897008e-001
 -5.8579094e-001
 -5.6115315e-001
 -5.3487286e-001
 -5.0657692e-001
 -4.7589635e-001
 -4.4255456e-001
 -4.0633620e-001
 -3.6707164e-001
 -3.2463334e-001
 -2.7894043e-001
 -2.2997520e-001
 -1.7780555e-001
 -1.2263737e-001
 -6.4888721e-002
 -5.1712692e-003
  5.5802977e-002
  1.1731639e-001
  1.7883125e-001
  2.4018465e-001
  3.0145474e-001
  3.6262479e-001
  4.2350640e-001
  4.8387127e-001
  5.4342572e-001
  6.0169176e-001
  6.5803335e-001
  7.1178219e-001
  7.6228991e-001
  8.0895913e-001
  8.5135248e-001
  8.8930598e-001
  9.2295598e-001
  9.5274374e-001
  9.7938678e-001
  1.0037772e+000
  1.0268939e+000
  1.0497576e+000
  1.0733255e+000
  1.0983427e+000
  1.1252496e+000
  1.1541321e+000
  1.1846862e+000
  1.2162384e+000
  1.2478317e+000
  1.2783587e+000
  1.3067025e+000
  1.3318400e+000
  1.3529236e+000
  1.3693758e+000
  1.3808911e+000
  1.3873451e+000
  1.3888227e+000
  1.3857474e+000
  1.3788000e+000
  1.3686727e+000
  1.3560027e+000
  1.3414352e+000
  1.3255317e+000
  1.3086168e+000
  1.2907840e+000
  1.2719896e+000
  1.2521071e+000
  1.2309569e+000
  1.2083442e+000
  1.1840939e+000
  1.1580599e+000
  1.1301097e+000
  1.1001627e+000
  1.0682786e+000
  1.0346419e+000
  9.9943728e-001
  9.6285759e-001
  9.2524164e-001
  8.8702883e-001
  8.4856522e-001
  8.1011843e-001
  7.7202441e-001
  7.3463225e-001
  6.9816315e-001
  6.6269760e-001
  6.2819153e-001
  5.9448735e-001
  5.6137631e-001
  5.2857851e-001
  4.9565176e-001
  4.6203700e-001
  4.2721871e-001
  3.9081024e-001
  3.5257971e-001
  3.1248708e-001
  2.7069277e-001
  2.2754135e-001
  1.8356254e-001
  1.3941769e-001
  9.5748040e-002
  5.3101314e-002
  1.1990036e-002
 -2.7174395e-002
 -6.4297964e-002
 -9.9586288e-002
 -1.3329024e-001
 -1.6564104e-001
 -1.9693766e-001
 -2.2739274e-001
 -2.5687586e-001
 -2.8493437e-001
 -3.1098822e-001
 -3.3441647e-001
 -3.5459167e-001
 -3.7100078e-001
 -3.8336438e-001
 -3.9166486e-001
 -3.9615356e-001
 -3.9738110e-001
 -3.9618194e-001
 -3.9359620e-001
 -3.9074802e-001
 -3.8868173e-001
 -3.8818472e-001
 -3.8965912e-001
 -3.9308805e-001
 -3.9811450e-001
 -4.0419348e-001
 -4.1076398e-001
 -4.1739814e-001
 -4.2386139e-001
 -4.3007397e-001
 -4.3608585e-001
 -4.4207526e-001
 -4.4825662e-001
 -4.5473883e-001
 -4.6147783e-001
 -4.6827462e-001
 -4.7471856e-001
 -4.8012518e-001
 -4.8354942e-001
 -4.8387587e-001
 -4.7995910e-001
 -4.7078161e-001
 -4.5561540e-001
 -4.3415190e-001
 -4.0653342e-001
 -3.7328857e-001
 -3.3527493e-001
 -2.9362911e-001
 -2.4964732e-001
 -2.0462995e-001
 -1.5979629e-001
 -1.1621938e-001
 -7.4737927e-002
 -3.5895756e-002
  8.6691266e-005
  3.3330684e-002
  6.4207100e-002
  9.3176928e-002
  1.2072256e-001
  1.4733822e-001
  1.7347302e-001
  1.9947174e-001
  2.2553537e-001
  2.5170082e-001
  2.7788634e-001
  3.0395776e-001
  3.2976278e-001
  3.5516995e-001
  3.8007051e-001
  4.0434768e-001
  4.2793115e-001
  4.5087628e-001
  4.7332818e-001
  4.9546281e-001
  5.1745880e-001
  5.3945672e-001
  5.6158143e-001
  5.8401302e-001
  6.0693833e-001
  6.3044211e-001
  6.5449306e-001
  6.7897484e-001
  7.0369404e-001
  7.2838764e-001
  7.5272330e-001
  7.7629728e-001
  7.9867734e-001
  8.1946433e-001
  8.3832101e-001
  8.5495691e-001
  8.6911011e-001
  8.8053511e-001
  8.8899335e-001
  8.9424175e-001
  8.9604438e-001
  8.9420766e-001
  8.8863552e-001
  8.7936472e-001
  8.6658774e-001
  8.5066873e-001
  8.3210678e-001
  8.1143488e-001
  7.8920094e-001
  7.6600655e-001
  7.4242234e-001
  7.1881368e-001
  6.9529004e-001
  6.7173104e-001
  6.4777763e-001
  6.2283774e-001
  5.9616741e-001
  5.6697470e-001
  5.3454971e-001
  4.9839431e-001
  4.5829405e-001
  4.1431444e-001
  3.6678200e-001
  3.1625068e-001
  2.6344546e-001
  2.0917230e-001
  1.5422115e-001
  9.9271591e-002
  4.4811855e-002
 -8.9331526e-003
 -6.2013137e-002
 -1.1469609e-001
 -1.6739412e-001
 -2.2059041e-001
 -2.7469460e-001
 -3.2987838e-001
 -3.8602699e-001
 -4.4281091e-001
 -4.9972025e-001
 -5.5606434e-001
 -6.1106230e-001
 -6.6399168e-001
 -7.1423760e-001
 -7.6128612e-001
 -8.0477299e-001
 -8.4455788e-001
 -8.8072513e-001
 -9.1351978e-001
 -9.4328668e-001
 -9.7043028e-001
 -9.9533217e-001
 -1.0182710e+000
 -1.0394482e+000
 -1.0590609e+000
 -1.0773073e+000
 -1.0943478e+000
 -1.1102738e+000
 -1.1250944e+000
 -1.1387449e+000
 -1.1511087e+000
 -1.1620649e+000
 -1.1715574e+000
 -1.1796037e+000
 -1.1862447e+000
 -1.1915430e+000
 -1.1956188e+000
 -1.1986328e+000
 -1.2007348e+000
 -1.2020561e+000
 -1.2027052e+000
 -1.2027252e+000
 -1.2020445e+000
 -1.2004519e+000
 -1.1975932e+000
 -1.1930169e+000
 -1.1862466e+000
 -1.1768376e+000
 -1.1644064e+000
 -1.1486679e+000
 -1.1294593e+000
 -1.1067632e+000
 -1.0807095e+000
 -1.0515394e+000
 -1.0195387e+000
 -9.8498102e-001
 -9.4808106e-001
 -9.0898086e-001
 -8.6773979e-001
 -8.2434215e-001
 -7.7877195e-001
 -7.3108333e-001
 -6.8138715e-001
 -6.2993043e-001
 -5.7725240e-001
 -5.2412122e-001
 -4.7130262e-001
 -4.1952372e-001
 -3.6953875e-001
 -3.2203560e-001
 -2.7747418e-001
 -2.3603515e-001
 -1.9761629e-001
 -1.6186848e-001
 -1.2828347e-001
 -9.6283461e-002
 -6.5277237e-002
 -3.4739579e-002
 -4.2880904e-003
  2.6282410e-002
  5.7019943e-002
  8.7869393e-002
  1.1872919e-001
  1.4946403e-001
  1.7989561e-001
  2.0980107e-001
  2.3891438e-001
  2.6694905e-001
  2.9364919e-001
  3.1879856e-001
  3.4219882e-001
  3.6372325e-001
  3.8340360e-001
  4.0141816e-001
  4.1802208e-001
  4.3352323e-001
  4.4827025e-001
  4.6262335e-001
  4.7693896e-001
  4.9152766e-001
  5.0655561e-001
  5.2201629e-001
  5.3777914e-001
  5.5356923e-001
  5.6891442e-001
  5.8321147e-001
  5.9585996e-001
  6.0634656e-001
  6.1425473e-001
  6.1926671e-001
  6.2120886e-001
  6.2004925e-001
  6.1581926e-001
  6.0866463e-001
  5.9895155e-001
  5.8714152e-001
  5.7356078e-001
  5.5834995e-001
  5.4151014e-001
  5.2294850e-001
  5.0254824e-001
  4.8021248e-001
  4.5587344e-001
  4.2953413e-001
  4.0130040e-001
  3.7140376e-001
  3.4023056e-001
  3.0827101e-001
  2.7598613e-001
  2.4374352e-001
  2.1180239e-001
  1.8021361e-001
  1.4869854e-001
  1.1668186e-001
  8.3478223e-002
  4.8441533e-002
  1.1034734e-002
 -2.9056896e-002
 -7.1805244e-002
 -1.1686997e-001
 -1.6370585e-001
 -2.1162055e-001
 -2.5980864e-001
 -3.0743482e-001
 -3.5376269e-001
 -3.9826978e-001
 -4.4070719e-001
 -4.8117386e-001
 -5.2014307e-001
 -5.5829522e-001
 -5.9624801e-001
 -6.3438796e-001
 -6.7279451e-001
 -7.1122307e-001
 -7.4915363e-001
 -7.8586744e-001
 -8.2051784e-001
 -8.5223806e-001
 -8.8026444e-001
 -9.0405711e-001
 -9.2340738e-001
 -9.3850022e-001
 -9.4988896e-001
 -9.5840130e-001
 -9.6496656e-001
 -9.7039850e-001
 -9.7523306e-001
 -9.7965379e-001
 -9.8350551e-001
 -9.8643112e-001
 -9.8804873e-001
 -9.8803183e-001
 -9.8612831e-001
 -9.8218866e-001
 -9.7616616e-001
 -9.6813644e-001
 -9.5837781e-001
 -9.4734321e-001
 -9.3547424e-001
 -9.2312689e-001
 -9.1059237e-001
 -8.9794226e-001
 -8.8482875e-001
 -8.7055059e-001
 -8.5426688e-001
 -8.3515867e-001
 -8.1254517e-001
 -7.8593328e-001
 -7.5497692e-001
 -7.1947918e-001
 -6.7949461e-001
 -6.3537433e-001
 -5.8770022e-001
 -5.3725878e-001
 -4.8504854e-001
 -4.3213033e-001
 -3.7939558e-001
 -3.2749214e-001
 -2.7688213e-001
 -2.2788159e-001
 -1.8068250e-001
 -1.3538721e-001
 -9.2006933e-002
 -5.0402496e-002
 -1.0222804e-002
  2.9066468e-002
  6.8074162e-002
  1.0740090e-001
  1.4758444e-001
  1.8899885e-001
  2.3177742e-001
  2.7582786e-001
  3.2086954e-001
  3.6646197e-001
  4.1203724e-001
  4.5689000e-001
  5.0017685e-001
  5.4101236e-001
  5.7859625e-001
  6.1232524e-001
  6.4189855e-001
  6.6732280e-001
  6.8881310e-001
  7.0676361e-001
  7.2176660e-001
  7.3454109e-001
  7.4582443e-001
  7.5633810e-001
  7.6678066e-001
  7.7781487e-001
  7.9002812e-001
  8.0386986e-001
  8.1959821e-001
  8.3725513e-001
  8.5665096e-001
  8.7741997e-001
  8.9911173e-001
  9.2121337e-001
  9.4313269e-001
  9.6425812e-001
  9.8403674e-001
  1.0020135e+000
  1.0178542e+000
  1.0313581e+000
  1.0424329e+000
  1.0510947e+000
  1.0574691e+000
  1.0617280e+000
  1.0639886e+000
  1.0642687e+000
  1.0624851e+000
  1.0584657e+000
  1.0519654e+000
  1.0426994e+000
  1.0303887e+000
  1.0148227e+000
  9.9591528e-001
  9.7376655e-001
  9.4869727e-001
  9.2122872e-001
  8.9201281e-001
  8.6176494e-001
  8.3119585e-001
  8.0092876e-001
  7.7141386e-001
  7.4289578e-001
  7.1543163e-001
  6.8891197e-001
  6.6307120e-001
  6.3753899e-001
  6.1191303e-001
  5.8579847e-001
  5.5881678e-001
  5.3063663e-001
  5.0101541e-001
  4.6980667e-001
  4.3692800e-001
  4.0235287e-001
  3.6612754e-001
  3.2834370e-001
  2.8909600e-001
  2.4850871e-001
  2.0678210e-001
  1.6420259e-001
  1.2115701e-001
  7.8115887e-002
  3.5564746e-002
 -6.0134907e-003
 -4.6107337e-002
 -8.4238313e-002
 -1.2008016e-001
 -1.5348968e-001
 -1.8446294e-001
 -2.1312444e-001
 -2.3972854e-001
 -2.6460949e-001
 -2.8811696e-001
 -3.1058163e-001
 -3.3228925e-001
 -3.5345413e-001
 -3.7420427e-001
 -3.9456661e-001
 -4.1446311e-001
 -4.3372737e-001
 -4.5213775e-001
 -4.6947922e-001
 -4.8560461e-001
 -5.0042156e-001
 -5.1383035e-001
 -5.2568026e-001
 -5.3575444e-001
 -5.4377160e-001
 -5.4940892e-001
 -5.5232617e-001
 -5.5220884e-001
 -5.4881150e-001
 -5.4194432e-001
 -5.3148295e-001
 -5.1746413e-001
 -5.0007170e-001
 -4.7951040e-001
 -4.5605870e-001
 -4.3020814e-001
 -4.0255952e-001
 -3.7361621e-001
 -3.4372325e-001
 -3.1307169e-001
 -2.8173740e-001
 -2.4978395e-001
 -2.1727534e-001
 -1.8419593e-001
 -1.5046486e-001
 -1.1600989e-001
 -8.0761462e-002
 -4.4615825e-002
 -7.4232085e-003
  3.1012247e-002
  7.0879900e-002
  1.1226319e-001
  1.5511241e-001
  1.9929017e-001
  2.4454776e-001
  2.9045216e-001
  3.3640027e-001
  3.8171215e-001
  4.2570950e-001
  4.6779390e-001
  5.0750765e-001
  5.4455471e-001
  5.7882229e-001
  6.1041020e-001
  6.3957425e-001
  6.6661412e-001
  6.9179071e-001
  7.1529141e-001
  7.3720446e-001
  7.5751479e-001
  7.7609917e-001
  7.9271944e-001
  8.0703812e-001
  8.1868793e-001
  8.2733336e-001
  8.3272977e-001
  8.3481604e-001
  8.3381606e-001
  8.3025192e-001
  8.2488646e-001
  8.1861830e-001
  8.1235776e-001
  8.0690992e-001
  8.0290099e-001
  8.0072023e-001
  8.0048844e-001
  8.0206029e-001
  8.0507592e-001
  8.0902257e-001
  8.1328921e-001
  8.1723496e-001
  8.2029546e-001
  8.2202950e-001
  8.2210415e-001
  8.2031901e-001
  8.1665573e-001
  8.1121263e-001
  8.0408728e-001
  7.9532627e-001
  7.8492672e-001
  7.7282171e-001
  7.5889180e-001
  7.4299767e-001
  7.2501417e-001
  7.0486948e-001
  6.8259219e-001
  6.5831326e-001
  6.3224259e-001
  6.0464841e-001
  5.7583834e-001
  5.4613947e-001
  5.1588756e-001
  4.8537918e-001
  4.5480088e-001
  4.2420259e-001
  3.9351635e-001
  3.6256061e-001
  3.3104379e-001
  2.9860766e-001
  2.6490739e-001
  2.2968760e-001
  1.9284395e-001
  1.5446037e-001
  1.1481453e-001
  7.4340519e-002
  3.3557866e-002
 -7.0033116e-003
 -4.6843207e-002
 -8.5543167e-002
 -1.2283075e-001
 -1.5857087e-001
 -1.9271695e-001
 -2.2534407e-001
 -2.5670043e-001
 -2.8718080e-001
 -3.1726470e-001
 -3.4743067e-001
 -3.7805104e-001
 -4.0936257e-001
 -4.4151605e-001
 -4.7458235e-001
 -5.0850697e-001
 -5.4312141e-001
 -5.7821376e-001
 -6.1354792e-001
 -6.4884465e-001
 -6.8384343e-001
 -7.1841256e-001
 -7.5256359e-001
 -7.8638319e-001
 -8.1999295e-001
 -8.5352394e-001
 -8.8704369e-001
 -9.2049395e-001
 -9.5369811e-001
 -9.8638503e-001
 -1.0181997e+000
 -1.0487295e+000
 -1.0775288e+000
 -1.1041554e+000
 -1.1282583e+000
 -1.1496668e+000
 -1.1684408e+000
 -1.1848834e+000
 -1.1994625e+000
 -1.2126661e+000
 -1.2249171e+000
 -1.2365340e+000
 -1.2476695e+000
 -1.2582630e+000
 -1.2680298e+000
 -1.2764718e+000
 -1.2829457e+000
 -1.2867661e+000
 -1.2872761e+000
 -1.2838948e+000
 -1.2761810e+000
 -1.2638994e+000
 -1.2470496e+000
 -1.2258538e+000
 -1.2007209e+000
 -1.1721847e+000
 -1.1408247e+000
 -1.1071881e+000
 -1.0717169e+000
 -1.0346814e+000
 -9.9617100e-001
 -9.5614460e-001
 -9.1448048e-001
 -8.7099906e-001
 -8.2551345e-001
 -7.7791465e-001
 -7.2821616e-001
 -6.7654300e-001
 -6.2317811e-001
 -5.6865177e-001
 -5.1370622e-001
 -4.5914829e-001
 -4.0578725e-001
 -3.5442576e-001
 -3.0574443e-001
 -2.6015183e-001
 -2.1775373e-001
 -1.7839354e-001
 -1.4169225e-001
 -1.0711140e-001
 -7.4037706e-002
 -4.1854582e-002
 -1.0018213e-002
  2.1844653e-002
  5.3883358e-002
  8.6055831e-002
  1.1816002e-001
  1.4982688e-001
  1.8061110e-001
  2.1016969e-001
  2.3830755e-001
  2.6488697e-001
  2.8985495e-001
  3.1335781e-001
  3.3567402e-001
  3.5701545e-001
  3.7749408e-001
  3.9719416e-001
  4.1610492e-001
  4.3399710e-001
  4.5046190e-001
  4.6504036e-001
  4.7728813e-001
  4.8680218e-001
  4.9329097e-001
  4.9663815e-001
  4.9690615e-001
  4.9432902e-001
  4.8932814e-001
  4.8246682e-001
  4.7436719e-001
  4.6563318e-001
  4.5670163e-001
  4.4764536e-001
  4.3815516e-001
  4.2767641e-001
  4.1549992e-001
  4.0082782e-001
  3.8293819e-001
  3.6136183e-001
  3.3596076e-001
  3.0692074e-001
  2.7472413e-001
  2.4010792e-001
  2.0396119e-001
  1.6719233e-001
  1.3064786e-001
  9.5035293e-002
  6.0811204e-002
  2.8112978e-002
 -3.2430414e-003
 -3.3706899e-002
 -6.3845099e-002
 -9.4174487e-002
 -1.2505796e-001
 -1.5662905e-001
 -1.8879813e-001
 -2.2136383e-001
 -2.5404199e-001
 -2.8641156e-001
 -3.1800067e-001
 -3.4845800e-001
 -3.7759165e-001
 -4.0532907e-001
 -4.3173165e-001
 -4.5700620e-001
 -4.8146130e-001
 -5.0543268e-001
 -5.2918300e-001
 -5.5279987e-001
 -5.7615063e-001
 -5.9889020e-001
 -6.2050222e-001
 -6.4036838e-001
 -6.5783162e-001
 -6.7226353e-001
 -6.8318808e-001
 -6.9041688e-001
 -6.9410091e-001
 -6.9470663e-001
 -6.9296347e-001
 -6.8978247e-001
 -6.8614819e-001
 -6.8300089e-001
 -6.8111054e-001
 -6.8096609e-001
 -6.8272399e-001
 -6.8622845e-001
 -6.9105466e-001
 -6.9655461e-001
 -7.0195299e-001
 -7.0649737e-001
 -7.0955197e-001
 -7.1062661e-001
 -7.0943994e-001
 -7.0599471e-001
 -7.0053892e-001
 -6.9345710e-001
 -6.8520697e-001
 -6.7627477e-001
 -6.6709129e-001
 -6.5797300e-001
 -6.4909178e-001
 -6.4041778e-001
 -6.3173007e-001
 -6.2273115e-001
 -6.1307116e-001
 -6.0228316e-001
 -5.8987375e-001
 -5.7552709e-001
 -5.5912054e-001
 -5.4059521e-001
 -5.1993136e-001
 -4.9719948e-001
 -4.7250267e-001
 -4.4593127e-001
 -4.1761130e-001
 -3.8769695e-001
 -3.5636529e-001
 -3.2390423e-001
 -2.9062562e-001
 -2.5665936e-001
 -2.2203999e-001
 -1.8690160e-001
 -1.5145985e-001
 -1.1602302e-001
 -8.0912677e-002
 -4.6136105e-002
 -1.1446802e-002
  2.3177265e-002
  5.7652982e-002
  9.2252506e-002
  1.2741701e-001
  1.6337340e-001
  2.0012354e-001
  2.3741478e-001
  2.7492568e-001
  3.1270332e-001
  3.5094482e-001
  3.8941884e-001
  4.2757221e-001
  4.6486970e-001
  5.0086090e-001
  5.3531612e-001
  5.6799104e-001
  5.9803696e-001
  6.2430898e-001
  6.4639809e-001
  6.6478438e-001
  6.8018200e-001
  6.9355765e-001
  7.0670303e-001
  7.2202166e-001
  7.4163264e-001
  7.6708513e-001
  7.9950366e-001
  8.3913008e-001
  8.8464630e-001
  9.3325052e-001
  9.8125562e-001
  1.0245600e+000
  1.0592009e+000
  1.0822685e+000
  1.0926279e+000
  1.0910253e+000
  1.0797946e+000
  1.0623486e+000
  1.0425913e+000
  1.0243771e+000
  1.0108915e+000
  1.0041471e+000
  1.0049164e+000
  1.0125682e+000
  1.0247600e+000
  1.0381894e+000
  1.0501425e+000
  1.0590255e+000
  1.0638754e+000
  1.0643342e+000
  1.0608616e+000
  1.0540956e+000
  1.0439044e+000
  1.0292339e+000
  1.0085827e+000
  9.8039022e-001
  9.4332919e-001
  8.9674626e-001
  8.4099536e-001
  7.7740042e-001
  7.0814422e-001
  6.3633053e-001
  5.6593944e-001
  5.0145675e-001
  4.4726282e-001
  4.0683442e-001
  3.8185635e-001
  3.7165276e-001
  3.7322161e-001
  3.8169761e-001
  3.9115605e-001
  3.9589315e-001
  3.9169485e-001
  3.7640019e-001
  3.4980446e-001
  3.1331616e-001
  2.6952924e-001
  2.2166173e-001
  1.7295509e-001
  1.2631453e-001
  8.4145360e-002
  4.7994268e-002
  1.8167429e-002
 -6.1835663e-003
 -2.6622144e-002
 -4.5040012e-002
 -6.3356720e-002
 -8.3126087e-002
 -1.0514229e-001
 -1.2937721e-001
 -1.5515093e-001
 -1.8121604e-001
 -2.0594233e-001
 -2.2771317e-001
 -2.4529568e-001
 -2.5819794e-001
 -2.6690388e-001
 -2.7259213e-001
 -2.7656085e-001
 -2.7985574e-001
 -2.8313015e-001
 -2.8672412e-001
 -2.9093407e-001
 -2.9614162e-001
 -3.0262630e-001
 -3.1035639e-001
 -3.1888217e-001
 -3.2712234e-001
 -3.3319772e-001
 -3.3478639e-001
 -3.2983909e-001
 -3.1703404e-001
 -2.9589051e-001
 -2.6683932e-001
 -2.3119896e-001
 -1.9095196e-001
 -1.4848547e-001
 -1.0639257e-001
 -6.7248768e-002
 -3.3331727e-002
 -6.3012411e-003
  1.3100789e-002
  2.5212660e-002
  3.1513525e-002
  3.4549899e-002
  3.7483032e-002
  4.3389594e-002
  5.4768100e-002
  7.3269514e-002
  9.9406849e-002
  1.3234855e-001
  1.7002564e-001
  2.0960825e-001
  2.4806938e-001
  2.8257475e-001
  3.1099206e-001
  3.3253751e-001
  3.4774002e-001
  3.5779968e-001
  3.6446699e-001
  3.7028321e-001
  3.7809387e-001
  3.9016417e-001
  4.0788002e-001
  4.3182418e-001
  4.6165800e-001
  4.9601365e-001
  5.3274110e-001
  5.6930916e-001
  6.0315729e-001
  6.3208997e-001
  6.5459746e-001
  6.6988289e-001
  6.7785144e-001
  6.7920838e-001
  6.7527061e-001
  6.6756218e-001
  6.5773802e-001
  6.4769348e-001
  6.3943808e-001
  6.3486899e-001
  6.3561021e-001
  6.4279804e-001
  6.5689255e-001
  6.7762275e-001
  7.0394901e-001
  7.3405755e-001
  7.6553114e-001
  7.9567713e-001
  8.2189583e-001
  8.4202750e-001
  8.5462473e-001
  8.5910403e-001
  8.5580119e-001
  8.4591129e-001
  8.3122712e-001
  8.1373458e-001
  7.9524801e-001
  7.7712953e-001
  7.6010338e-001
  7.4423437e-001
  7.2899326e-001
  7.1334026e-001
  6.9602045e-001
  6.7600672e-001
  6.5269152e-001
  6.2583476e-001
  5.9564556e-001
  5.6291280e-001
  5.2887147e-001
  4.9490322e-001
  4.6228539e-001
  4.3196699e-001
  4.0436695e-001
  3.7925692e-001
  3.5577822e-001
  3.3264340e-001
  3.0841775e-001
  2.8175753e-001
  2.5173734e-001
  2.1817732e-001
  1.8156195e-001
  1.4265006e-001
  1.0231205e-001
  6.1591338e-002
  2.1558512e-002
 -1.7001335e-002
 -5.3642830e-002
 -8.8104466e-002
 -1.2036258e-001
 -1.5083133e-001
 -1.8024054e-001
 -2.0928567e-001
 -2.3850637e-001
 -2.6833150e-001
 -2.9896701e-001
 -3.3027732e-001
 -3.6191328e-001
 -3.9352863e-001
 -4.2485362e-001
 -4.5566281e-001
 -4.8574799e-001
 -5.1488547e-001
 -5.4277212e-001
 -5.6902646e-001
 -5.9328123e-001
 -6.1527667e-001
 -6.3496936e-001
 -6.5265762e-001
 -6.6896229e-001
 -6.8469849e-001
 -7.0082642e-001
 -7.1837417e-001
 -7.3825797e-001
 -7.6114385e-001
 -7.8727456e-001
 -8.1621252e-001
 -8.4687991e-001
 -8.7790979e-001
 -9.0779753e-001
 -9.3488128e-001
 -9.5763493e-001
 -9.7509080e-001
 -9.8694156e-001
 -9.9342764e-001
 -9.9526496e-001
 -9.9351588e-001
 -9.8940744e-001
 -9.8417522e-001
 -9.7883998e-001
 -9.7391365e-001
 -9.6930033e-001
 -9.6440843e-001
 -9.5829144e-001
 -9.4982434e-001
 -9.3797517e-001
 -9.2202885e-001
 -9.0177431e-001
 -8.7767038e-001
 -8.5073999e-001
 -8.2217878e-001
 -7.9313392e-001
 -7.6468064e-001
 -7.3759941e-001
 -7.1206390e-001
 -6.8764449e-001
 -6.6350640e-001
 -6.3858239e-001
 -6.1177322e-001
 -5.8216380e-001
 -5.4917503e-001
 -5.1274272e-001
 -4.7344618e-001
 -4.3246324e-001
 -3.9137969e-001
 -3.5190503e-001
 -3.1553094e-001
 -2.8334444e-001
 -2.5597985e-001
 -2.3351876e-001
 -2.1540217e-001
 -2.0055614e-001
 -1.8764708e-001
 -1.7532581e-001
 -1.6242670e-001
 -1.4811141e-001
 -1.3195674e-001
 -1.1399467e-001
 -9.4672826e-002
 -7.4747809e-002
 -5.5134698e-002
 -3.6710819e-002
 -2.0136167e-002
